<?xml version="1.0"?>
<root>
<parameters> 31.2135 -30.9789 12.4735 0.00199609 0.170414</parameters>
<dataPoints>500</dataPoints>
<states>
<state>
<time>0</time>
<index>0</index>
<mean>
 0.999 0.001 0 0.18 </mean>
<covariance>   1.0000e-07            0            0            0
            0   1.0000e-07            0            0
            0            0   1.0000e-07            0
            0            0            0   1.0000e-03
</covariance>
</state>
<state>
<time>0</time>
<index>1</index>
<measurement> 0.00106632</measurement>
<loglik>7.10631</loglik>
<mean>
 0.999 0.0010647 0 0.18 </mean>
<covariance>   1.0000e-07            0            0            0
            0   2.4390e-09            0            0
            0            0   1.0000e-07            0
            0            0            0   1.0000e-03
</covariance>
</state>
<state>
<time>0.1</time>
<index>2</index>
<mean>
 1.00231 0.00105785 -0.00329834 0.170414 </mean>
<covariance>   2.7909e-07   7.5183e-09  -5.4302e-08  -1.0636e-07
   7.5183e-09   2.4237e-09  -7.5144e-09   1.0636e-07
  -5.4302e-08  -7.5144e-09   2.9526e-08            0
  -1.0636e-07   1.0636e-07            0   1.0004e-03
</covariance>
</state>
<state>
<time>0.2</time>
<index>3</index>
<mean>
 1.00147 0.0010511 -0.00246125 0.170414 </mean>
<covariance>   2.0135e-07   5.6382e-09  -7.4345e-09   1.1775e-07
   5.6382e-09   2.4268e-09  -5.6487e-09   2.1175e-07
  -7.4345e-09  -5.6487e-09   1.3550e-08  -3.2950e-07
   1.1775e-07   2.1175e-07  -3.2950e-07   1.0008e-03
</covariance>
</state>
<state>
<time>0.3</time>
<index>4</index>
<mean>
 1.00167 0.00104438 -0.0026474 0.170414 </mean>
<covariance>   2.1846e-07   6.0953e-09  -1.6920e-08   2.5874e-07
   6.0953e-09   2.4514e-09  -6.1423e-09   3.1575e-07
  -1.6920e-08  -6.1423e-09   1.5462e-08  -5.7449e-07
   2.5874e-07   3.1575e-07  -5.7449e-07   1.0012e-03
</covariance>
</state>
<state>
<time>0.4</time>
<index>5</index>
<mean>
 1.00161 0.00103771 -0.00258053 0.170414 </mean>
<covariance>   2.1410e-07   6.0196e-09  -1.4503e-08   4.1759e-07
   6.0196e-09   2.4970e-09  -6.1238e-09   4.1848e-07
  -1.4503e-08  -6.1238e-09   1.5059e-08  -8.3606e-07
   4.1759e-07   4.1848e-07  -8.3606e-07   1.0016e-03
</covariance>
</state>
<state>
<time>0.5</time>
<index>6</index>
<mean>
 1.00161 0.00103107 -0.0025764 0.170414 </mean>
<covariance>   2.1522e-07   6.1129e-09  -1.5240e-08   5.6968e-07
   6.1129e-09   2.5627e-09  -6.2945e-09   5.1991e-07
  -1.5240e-08  -6.2945e-09   1.5500e-08  -1.0896e-06
   5.6968e-07   5.1991e-07  -1.0896e-06   1.0020e-03
</covariance>
</state>
<state>
<time>0.6</time>
<index>7</index>
<mean>
 1.0016 0.00102448 -0.00255687 0.170414 </mean>
<covariance>   2.1505e-07   6.2017e-09  -1.5299e-08   7.2104e-07
   6.2017e-09   2.6476e-09  -6.4799e-09   6.2008e-07
  -1.5299e-08  -6.4799e-09   1.5895e-08  -1.3411e-06
   7.2104e-07   6.2008e-07  -1.3411e-06   1.0024e-03
</covariance>
</state>
<state>
<time>0.7</time>
<index>8</index>
<mean>
 1.00159 0.00101793 -0.00254128 0.170414 </mean>
<covariance>   2.1525e-07   6.3272e-09  -1.5615e-08   8.7022e-07
   6.3272e-09   2.7511e-09  -6.7203e-09   7.1898e-07
  -1.5615e-08  -6.7203e-09   1.6451e-08  -1.5892e-06
   8.7022e-07   7.1898e-07  -1.5892e-06   1.0028e-03
</covariance>
</state>
<state>
<time>0.8</time>
<index>9</index>
<mean>
 1.00158 0.00101143 -0.00252485 0.170414 </mean>
<covariance>   2.1542e-07   6.4778e-09  -1.5954e-08   1.0176e-06
   6.4778e-09   2.8723e-09  -7.0037e-09   8.1664e-07
  -1.5954e-08  -7.0037e-09   1.7109e-08  -1.8342e-06
   1.0176e-06   8.1664e-07  -1.8342e-06   1.0032e-03
</covariance>
</state>
<state>
<time>0.9</time>
<index>10</index>
<mean>
 1.00157 0.00100496 -0.00250876 0.170414 </mean>
<covariance>   2.1564e-07   6.6549e-09  -1.6371e-08   1.1631e-06
   6.6549e-09   3.0106e-09  -7.3306e-09   9.1306e-07
  -1.6371e-08  -7.3306e-09   1.7879e-08  -2.0762e-06
   1.1631e-06   9.1306e-07  -2.0762e-06   1.0036e-03
</covariance>
</state>
<state>
<time>1</time>
<index>11</index>
<mean>
 1.00156 0.000998536 -0.00249271 0.170414 </mean>
<covariance>   2.1590e-07   6.8569e-09  -1.6847e-08   1.3068e-06
   6.8569e-09   3.1653e-09  -7.6987e-09   1.0083e-06
  -1.6847e-08  -7.6987e-09   1.8752e-08  -2.3150e-06
   1.3068e-06   1.0083e-06  -2.3150e-06   1.0040e-03
</covariance>
</state>
<state>
<time>1</time>
<index>12</index>
<measurement> 0.00102731</measurement>
<loglik>8.50298</loglik>
<mean>
 1.00159 0.00101463 -0.00253186 0.175542 </mean>
<covariance>   2.0759e-07   3.0209e-09  -7.5170e-09   8.4849e-08
   3.0209e-09   1.3945e-09  -3.3917e-09   4.4420e-07
  -7.5170e-09  -3.3917e-09   8.2770e-09  -9.4311e-07
   8.4849e-08   4.4420e-07  -9.4311e-07   8.2431e-04
</covariance>
</state>
<state>
<time>1.1</time>
<index>13</index>
<mean>
 1.00158 0.00100867 -0.00251696 0.175542 </mean>
<covariance>   2.0758e-07   3.0795e-09  -7.6348e-09   2.0338e-07
   3.0795e-09   1.4765e-09  -3.5769e-09   5.2536e-07
  -7.6348e-09  -3.5769e-09   8.6914e-09  -1.1428e-06
   2.0338e-07   5.2536e-07  -1.1428e-06   8.2471e-04
</covariance>
</state>
<state>
<time>1.2</time>
<index>14</index>
<mean>
 1.00158 0.00100274 -0.00250217 0.175542 </mean>
<covariance>   2.0762e-07   3.1656e-09  -7.8265e-09   3.2518e-07
   3.1656e-09   1.5733e-09  -3.8037e-09   6.0559e-07
  -7.8265e-09  -3.8037e-09   9.2202e-09  -1.3448e-06
   3.2518e-07   6.0559e-07  -1.3448e-06   8.2511e-04
</covariance>
</state>
<state>
<time>1.3</time>
<index>15</index>
<mean>
 1.00157 0.000996844 -0.00248746 0.175542 </mean>
<covariance>   2.0769e-07   3.2725e-09  -8.0694e-09   4.4444e-07
   3.2725e-09   1.6842e-09  -4.0650e-09   6.8491e-07
  -8.0694e-09  -4.0650e-09   9.8334e-09  -1.5434e-06
   4.4444e-07   6.8491e-07  -1.5434e-06   8.2551e-04
</covariance>
</state>
<state>
<time>1.4</time>
<index>16</index>
<mean>
 1.00156 0.000990984 -0.00247283 0.175542 </mean>
<covariance>   2.0780e-07   3.4010e-09  -8.3670e-09   5.6263e-07
   3.4010e-09   1.8087e-09  -4.3611e-09   7.6331e-07
  -8.3670e-09  -4.3611e-09   1.0535e-08  -1.7400e-06
   5.6263e-07   7.6331e-07  -1.7400e-06   8.2590e-04
</covariance>
</state>
<state>
<time>1.5</time>
<index>17</index>
<mean>
 1.00155 0.000985157 -0.00245829 0.175542 </mean>
<covariance>   2.0793e-07   3.5498e-09  -8.7159e-09   6.7938e-07
   3.5498e-09   1.9464e-09  -4.6901e-09   8.4080e-07
  -8.7159e-09  -4.6901e-09   1.1319e-08  -1.9342e-06
   6.7938e-07   8.4080e-07  -1.9342e-06   8.2630e-04
</covariance>
</state>
<state>
<time>1.6</time>
<index>18</index>
<mean>
 1.00154 0.000979365 -0.00244384 0.175542 </mean>
<covariance>   2.0810e-07   3.7183e-09  -9.1145e-09   7.9481e-07
   3.7183e-09   2.0967e-09  -5.0510e-09   9.1740e-07
  -9.1145e-09  -5.0510e-09   1.2184e-08  -2.1263e-06
   7.9481e-07   9.1740e-07  -2.1263e-06   8.2670e-04
</covariance>
</state>
<state>
<time>1.7</time>
<index>19</index>
<mean>
 1.00153 0.000973606 -0.00242947 0.175542 </mean>
<covariance>   2.0829e-07   3.9058e-09  -9.5609e-09   9.0889e-07
   3.9058e-09   2.2591e-09  -5.4425e-09   9.9311e-07
  -9.5609e-09  -5.4425e-09   1.3127e-08  -2.3161e-06
   9.0889e-07   9.9311e-07  -2.3161e-06   8.2710e-04
</covariance>
</state>
<state>
<time>1.8</time>
<index>20</index>
<mean>
 1.00152 0.000967882 -0.00241519 0.175542 </mean>
<covariance>   2.0852e-07   4.1114e-09  -1.0053e-08   1.0217e-06
   4.1114e-09   2.4332e-09  -5.8634e-09   1.0679e-06
  -1.0053e-08  -5.8634e-09   1.4143e-08  -2.5037e-06
   1.0217e-06   1.0679e-06  -2.5037e-06   8.2750e-04
</covariance>
</state>
<state>
<time>1.9</time>
<index>21</index>
<mean>
 1.00152 0.000962191 -0.00240099 0.175542 </mean>
<covariance>   2.0877e-07   4.3346e-09  -1.0590e-08   1.1331e-06
   4.3346e-09   2.6184e-09  -6.3124e-09   1.1419e-06
  -1.0590e-08  -6.3124e-09   1.5230e-08  -2.6891e-06
   1.1331e-06   1.1419e-06  -2.6891e-06   8.2790e-04
</covariance>
</state>
<state>
<time>2</time>
<index>22</index>
<mean>
 1.00151 0.000956533 -0.00238687 0.175542 </mean>
<covariance>   2.0905e-07   4.5745e-09  -1.1169e-08   1.2433e-06
   4.5745e-09   2.8143e-09  -6.7885e-09   1.2150e-06
  -1.1169e-08  -6.7885e-09   1.6386e-08  -2.8723e-06
   1.2433e-06   1.2150e-06  -2.8723e-06   8.2830e-04
</covariance>
</state>
<state>
<time>2</time>
<index>23</index>
<measurement> 0.000995557</measurement>
<loglik>8.47865</loglik>
<mean>
 1.00154 0.00097806 -0.0024388 0.184835 </mean>
<covariance>   2.0495e-07   2.0510e-09  -5.0815e-09   1.5383e-07
   2.0510e-09   1.2618e-09  -3.0437e-09   5.4474e-07
  -5.0815e-09  -3.0437e-09   7.3531e-09  -1.2556e-06
   1.5383e-07   5.4474e-07  -1.2556e-06   5.3895e-04
</covariance>
</state>
<state>
<time>2.1</time>
<index>24</index>
<mean>
 1.00153 0.00097322 -0.00242668 0.184835 </mean>
<covariance>   2.0497e-07   2.1316e-09  -5.2622e-09   2.2511e-07
   2.1316e-09   1.3608e-09  -3.2755e-09   5.9484e-07
  -5.2622e-09  -3.2755e-09   7.8949e-09  -1.3770e-06
   2.2511e-07   5.9484e-07  -1.3770e-06   5.3935e-04
</covariance>
</state>
<state>
<time>2.2</time>
<index>25</index>
<mean>
 1.00153 0.000968403 -0.00241468 0.184835 </mean>
<covariance>   2.0503e-07   2.2323e-09  -5.5006e-09   3.0066e-07
   2.2323e-09   1.4680e-09  -3.5351e-09   6.4447e-07
  -5.5006e-09  -3.5351e-09   8.5227e-09  -1.5022e-06
   3.0066e-07   6.4447e-07  -1.5022e-06   5.3975e-04
</covariance>
</state>
<state>
<time>2.3</time>
<index>26</index>
<mean>
 1.00152 0.000963611 -0.00240273 0.184835 </mean>
<covariance>   2.0511e-07   2.3436e-09  -5.7637e-09   3.7429e-07
   2.3436e-09   1.5830e-09  -3.8127e-09   6.9364e-07
  -5.7637e-09  -3.8127e-09   9.1916e-09  -1.6249e-06
   3.7429e-07   6.9364e-07  -1.6249e-06   5.4014e-04
</covariance>
</state>
<state>
<time>2.4</time>
<index>27</index>
<mean>
 1.00151 0.000958841 -0.00239084 0.184835 </mean>
<covariance>   2.0520e-07   2.4675e-09  -6.0591e-09   4.4752e-07
   2.4675e-09   1.7057e-09  -4.1100e-09   7.4234e-07
  -6.0591e-09  -4.1100e-09   9.9113e-09  -1.7469e-06
   4.4752e-07   7.4234e-07  -1.7469e-06   5.4054e-04
</covariance>
</state>
<state>
<time>2.5</time>
<index>28</index>
<mean>
 1.00151 0.000954096 -0.002379 0.184835 </mean>
<covariance>   2.0531e-07   2.6030e-09  -6.3835e-09   5.1999e-07
   2.6030e-09   1.8358e-09  -4.4258e-09   7.9058e-07
  -6.3835e-09  -4.4258e-09   1.0677e-08  -1.8676e-06
   5.1999e-07   7.9058e-07  -1.8676e-06   5.4094e-04
</covariance>
</state>
<state>
<time>2.6</time>
<index>29</index>
<mean>
 1.0015 0.000949373 -0.00236723 0.184835 </mean>
<covariance>   2.0545e-07   2.7498e-09  -6.7365e-09   5.9179e-07
   2.7498e-09   1.9731e-09  -4.7597e-09   8.3837e-07
  -6.7365e-09  -4.7597e-09   1.1489e-08  -1.9872e-06
   5.9179e-07   8.3837e-07  -1.9872e-06   5.4134e-04
</covariance>
</state>
<state>
<time>2.7</time>
<index>30</index>
<mean>
 1.00149 0.000944674 -0.00235551 0.184835 </mean>
<covariance>   2.0559e-07   2.9077e-09  -7.1171e-09   6.6291e-07
   2.9077e-09   2.1172e-09  -5.1109e-09   8.8570e-07
  -7.1171e-09  -5.1109e-09   1.2344e-08  -2.1056e-06
   6.6291e-07   8.8570e-07  -2.1056e-06   5.4174e-04
</covariance>
</state>
<state>
<time>2.8</time>
<index>31</index>
<mean>
 1.00148 0.000939998 -0.00234385 0.184835 </mean>
<covariance>   2.0576e-07   3.0761e-09  -7.5244e-09   7.3336e-07
   3.0761e-09   2.2680e-09  -5.4789e-09   9.3258e-07
  -7.5244e-09  -5.4789e-09   1.3241e-08  -2.2230e-06
   7.3336e-07   9.3258e-07  -2.2230e-06   5.4214e-04
</covariance>
</state>
<state>
<time>2.9</time>
<index>32</index>
<mean>
 1.00148 0.000935345 -0.00233225 0.184835 </mean>
<covariance>   2.0594e-07   3.2548e-09  -7.9576e-09   8.0314e-07
   3.2548e-09   2.4252e-09  -5.8631e-09   9.7901e-07
  -7.9576e-09  -5.8631e-09   1.4179e-08  -2.3392e-06
   8.0314e-07   9.7901e-07  -2.3392e-06   5.4254e-04
</covariance>
</state>
<state>
<time>3</time>
<index>33</index>
<mean>
 1.00147 0.000930715 -0.00232071 0.184835 </mean>
<covariance>   2.0614e-07   3.4434e-09  -8.4157e-09   8.7225e-07
   3.4434e-09   2.5887e-09  -6.2629e-09   1.0250e-06
  -8.4157e-09  -6.2629e-09   1.5157e-08  -2.4543e-06
   8.7225e-07   1.0250e-06  -2.4543e-06   5.4293e-04
</covariance>
</state>
<state>
<time>3</time>
<index>34</index>
<measurement> 0.00122201</measurement>
<loglik>-0.260958</loglik>
<mean>
 1.00168 0.00108933 -0.00270444 0.247639 </mean>
<covariance>   2.0365e-07   1.5685e-09  -3.8796e-09   1.2986e-07
   1.5685e-09   1.1791e-09  -2.8528e-09   4.6689e-07
  -3.8796e-09  -2.8528e-09   6.9066e-09  -1.1040e-06
   1.2986e-07   4.6689e-07  -1.1040e-06   3.2195e-04
</covariance>
</state>
<state>
<time>3.1</time>
<index>35</index>
<mean>
 1.00168 0.00109079 -0.00270566 0.247639 </mean>
<covariance>   2.0364e-07   1.6358e-09  -4.0048e-09   1.6339e-07
   1.6358e-09   1.2883e-09  -3.0793e-09   5.0265e-07
  -4.0048e-09  -3.0793e-09   7.3668e-09  -1.1733e-06
   1.6339e-07   5.0265e-07  -1.1733e-06   3.2235e-04
</covariance>
</state>
<state>
<time>3.2</time>
<index>36</index>
<mean>
 1.00168 0.00109226 -0.0027099 0.247639 </mean>
<covariance>   2.0375e-07   1.7610e-09  -4.3119e-09   2.2114e-07
   1.7610e-09   1.4057e-09  -3.3721e-09   5.3855e-07
  -4.3119e-09  -3.3721e-09   8.0949e-09  -1.2669e-06
   2.2114e-07   5.3855e-07  -1.2669e-06   3.2274e-04
</covariance>
</state>
<state>
<time>3.3</time>
<index>37</index>
<mean>
 1.00169 0.00109373 -0.00271339 0.247639 </mean>
<covariance>   2.0385e-07   1.8864e-09  -4.6091e-09   2.7315e-07
   1.8864e-09   1.5314e-09  -3.6736e-09   5.7459e-07
  -4.6091e-09  -3.6736e-09   8.8174e-09  -1.3550e-06
   2.7315e-07   5.7459e-07  -1.3550e-06   3.2314e-04
</covariance>
</state>
<state>
<time>3.4</time>
<index>38</index>
<mean>
 1.00169 0.0010952 -0.00271708 0.247639 </mean>
<covariance>   2.0397e-07   2.0273e-09  -4.9473e-09   3.2684e-07
   2.0273e-09   1.6656e-09  -3.9990e-09   6.1078e-07
  -4.9473e-09  -3.9990e-09   9.6063e-09  -1.4449e-06
   3.2684e-07   6.1078e-07  -1.4449e-06   3.2354e-04
</covariance>
</state>
<state>
<time>3.5</time>
<index>39</index>
<mean>
 1.00169 0.00109667 -0.00272072 0.247639 </mean>
<covariance>   2.0411e-07   2.1797e-09  -5.3134e-09   3.8037e-07
   2.1797e-09   1.8083e-09  -4.3447e-09   6.4710e-07
  -5.3134e-09  -4.3447e-09   1.0444e-08  -1.5347e-06
   3.8037e-07   6.4710e-07  -1.5347e-06   3.2394e-04
</covariance>
</state>
<state>
<time>3.6</time>
<index>40</index>
<mean>
 1.00169 0.00109814 -0.00272438 0.247639 </mean>
<covariance>   2.0427e-07   2.3448e-09  -5.7113e-09   4.3421e-07
   2.3448e-09   1.9595e-09  -4.7119e-09   6.8357e-07
  -5.7113e-09  -4.7119e-09   1.1334e-08  -1.6250e-06
   4.3421e-07   6.8357e-07  -1.6250e-06   3.2434e-04
</covariance>
</state>
<state>
<time>3.7</time>
<index>41</index>
<mean>
 1.0017 0.00109962 -0.00272804 0.247639 </mean>
<covariance>   2.0444e-07   2.5225e-09  -6.1401e-09   4.8823e-07
   2.5225e-09   2.1194e-09  -5.1004e-09   7.2018e-07
  -6.1401e-09  -5.1004e-09   1.2278e-08  -1.7157e-06
   4.8823e-07   7.2018e-07  -1.7157e-06   3.2474e-04
</covariance>
</state>
<state>
<time>3.8</time>
<index>42</index>
<mean>
 1.0017 0.0011011 -0.00273171 0.247639 </mean>
<covariance>   2.0464e-07   2.7129e-09  -6.6006e-09   5.4247e-07
   2.7129e-09   2.2881e-09  -5.5105e-09   7.5693e-07
  -6.6006e-09  -5.5105e-09   1.3275e-08  -1.8067e-06
   5.4247e-07   7.5693e-07  -1.8067e-06   3.2513e-04
</covariance>
</state>
<state>
<time>3.9</time>
<index>43</index>
<mean>
 1.0017 0.00110258 -0.00273539 0.247639 </mean>
<covariance>   2.0485e-07   2.9163e-09  -7.0929e-09   5.9692e-07
   2.9163e-09   2.4656e-09  -5.9424e-09   7.9382e-07
  -7.0929e-09  -5.9424e-09   1.4326e-08  -1.8980e-06
   5.9692e-07   7.9382e-07  -1.8980e-06   3.2553e-04
</covariance>
</state>
<state>
<time>4</time>
<index>44</index>
<mean>
 1.0017 0.00110406 -0.00273907 0.247639 </mean>
<covariance>   2.0508e-07   3.1326e-09  -7.6172e-09   6.5158e-07
   3.1326e-09   2.6519e-09  -6.3964e-09   8.3086e-07
  -7.6172e-09  -6.3964e-09   1.5431e-08  -1.9897e-06
   6.5158e-07   8.3086e-07  -1.9897e-06   3.2593e-04
</covariance>
</state>
<state>
<time>4</time>
<index>45</index>
<measurement> 0.00106215</measurement>
<loglik>8.41839</loglik>
<mean>
 1.00168 0.00108456 -0.00269202 0.241528 </mean>
<covariance>   2.0336e-07   1.6750e-09  -4.1015e-09   1.9491e-07
   1.6750e-09   1.4180e-09  -3.4201e-09   4.4426e-07
  -4.1015e-09  -3.4201e-09   8.2524e-09  -1.0572e-06
   1.9491e-07   4.4426e-07  -1.0572e-06   2.0481e-04
</covariance>
</state>
<state>
<time>4.1</time>
<index>46</index>
<mean>
 1.00168 0.00108535 -0.00269397 0.241528 </mean>
<covariance>   2.0346e-07   1.7838e-09  -4.3681e-09   2.2987e-07
   1.7838e-09   1.5191e-09  -3.6705e-09   4.6684e-07
  -4.3681e-09  -3.6705e-09   8.8715e-09  -1.1148e-06
   2.2987e-07   4.6684e-07  -1.1148e-06   2.0520e-04
</covariance>
</state>
<state>
<time>4.2</time>
<index>47</index>
<mean>
 1.00168 0.00108615 -0.00269595 0.241528 </mean>
<covariance>   2.0355e-07   1.8949e-09  -4.6355e-09   2.6293e-07
   1.8949e-09   1.6255e-09  -3.9284e-09   4.8949e-07
  -4.6355e-09  -3.9284e-09   9.4966e-09  -1.1705e-06
   2.6293e-07   4.8949e-07  -1.1705e-06   2.0560e-04
</covariance>
</state>
<state>
<time>4.3</time>
<index>48</index>
<mean>
 1.00168 0.00108694 -0.00269792 0.241528 </mean>
<covariance>   2.0366e-07   2.0149e-09  -4.9264e-09   2.9660e-07
   2.0149e-09   1.7370e-09  -4.2004e-09   5.1223e-07
  -4.9264e-09  -4.2004e-09   1.0160e-08  -1.2269e-06
   2.9660e-07   5.1223e-07  -1.2269e-06   2.0600e-04
</covariance>
</state>
<state>
<time>4.4</time>
<index>49</index>
<mean>
 1.00168 0.00108774 -0.0026999 0.241528 </mean>
<covariance>   2.0379e-07   2.1422e-09  -5.2350e-09   3.3027e-07
   2.1422e-09   1.8537e-09  -4.4850e-09   5.3504e-07
  -5.2350e-09  -4.4850e-09   1.0854e-08  -1.2834e-06
   3.3027e-07   5.3504e-07  -1.2834e-06   2.0640e-04
</covariance>
</state>
<state>
<time>4.5</time>
<index>50</index>
<mean>
 1.00168 0.00108854 -0.00270187 0.241528 </mean>
<covariance>   2.0392e-07   2.2773e-09  -5.5629e-09   3.6408e-07
   2.2773e-09   1.9757e-09  -4.7827e-09   5.5793e-07
  -5.5629e-09  -4.7827e-09   1.1580e-08  -1.3401e-06
   3.6408e-07   5.5793e-07  -1.3401e-06   2.0680e-04
</covariance>
</state>
<state>
<time>4.6</time>
<index>51</index>
<mean>
 1.00169 0.00108933 -0.00270385 0.241528 </mean>
<covariance>   2.0406e-07   2.4201e-09  -5.9099e-09   3.9799e-07
   2.4201e-09   2.1029e-09  -5.0934e-09   5.8090e-07
  -5.9099e-09  -5.0934e-09   1.2339e-08  -1.3969e-06
   3.9799e-07   5.8090e-07  -1.3969e-06   2.0720e-04
</covariance>
</state>
<state>
<time>4.7</time>
<index>52</index>
<mean>
 1.00169 0.00109013 -0.00270583 0.241528 </mean>
<covariance>   2.0422e-07   2.5707e-09  -6.2762e-09   4.3203e-07
   2.5707e-09   2.2354e-09  -5.4173e-09   6.0394e-07
  -6.2762e-09  -5.4173e-09   1.3130e-08  -1.4540e-06
   4.3203e-07   6.0394e-07  -1.4540e-06   2.0760e-04
</covariance>
</state>
<state>
<time>4.8</time>
<index>53</index>
<mean>
 1.00169 0.00109093 -0.00270781 0.241528 </mean>
<covariance>   2.0438e-07   2.7291e-09  -6.6619e-09   4.6618e-07
   2.7291e-09   2.3733e-09  -5.7544e-09   6.2706e-07
  -6.6619e-09  -5.7544e-09   1.3954e-08  -1.5113e-06
   4.6618e-07   6.2706e-07  -1.5113e-06   2.0799e-04
</covariance>
</state>
<state>
<time>4.9</time>
<index>54</index>
<mean>
 1.00169 0.00109173 -0.0027098 0.241528 </mean>
<covariance>   2.0456e-07   2.8954e-09  -7.0671e-09   5.0044e-07
   2.8954e-09   2.5166e-09  -6.1049e-09   6.5026e-07
  -7.0671e-09  -6.1049e-09   1.4811e-08  -1.5688e-06
   5.0044e-07   6.5026e-07  -1.5688e-06   2.0839e-04
</covariance>
</state>
<state>
<time>5</time>
<index>55</index>
<mean>
 1.00169 0.00109253 -0.00271178 0.241528 </mean>
<covariance>   2.0475e-07   3.0696e-09  -7.4919e-09   5.3482e-07
   3.0696e-09   2.6652e-09  -6.4687e-09   6.7354e-07
  -7.4919e-09  -6.4687e-09   1.5702e-08  -1.6264e-06
   5.3482e-07   6.7354e-07  -1.6264e-06   2.0879e-04
</covariance>
</state>
<state>
<time>5</time>
<index>56</index>
<measurement> 0.00120132</measurement>
<loglik>7.52944</loglik>
<mean>
 1.00175 0.00114386 -0.00283635 0.254498 </mean>
<covariance>   2.0308e-07   1.6214e-09  -3.9771e-09   1.6885e-07
   1.6214e-09   1.4078e-09  -3.4169e-09   3.5578e-07
  -3.9771e-09  -3.4169e-09   8.2947e-09  -8.5518e-07
   1.6885e-07   3.5578e-07  -8.5518e-07   1.2849e-04
</covariance>
</state>
<state>
<time>5.1</time>
<index>57</index>
<mean>
 1.00175 0.00114618 -0.00284196 0.254498 </mean>
<covariance>   2.0315e-07   1.7079e-09  -4.1783e-09   1.8885e-07
   1.7079e-09   1.4970e-09  -3.6254e-09   3.7123e-07
  -4.1783e-09  -3.6254e-09   8.7818e-09  -8.9063e-07
   1.8885e-07   3.7123e-07  -8.9063e-07   1.2889e-04
</covariance>
</state>
<state>
<time>5.2</time>
<index>58</index>
<mean>
 1.00176 0.00114851 -0.00284778 0.254498 </mean>
<covariance>   2.0326e-07   1.8116e-09  -4.4322e-09   2.1238e-07
   1.8116e-09   1.5904e-09  -3.8554e-09   3.8679e-07
  -4.4322e-09  -3.8554e-09   9.3481e-09  -9.2973e-07
   2.1238e-07   3.8679e-07  -9.2973e-07   1.2928e-04
</covariance>
</state>
<state>
<time>5.3</time>
<index>59</index>
<mean>
 1.00176 0.00115085 -0.00285356 0.254498 </mean>
<covariance>   2.0336e-07   1.9184e-09  -4.6909e-09   2.3525e-07
   1.9184e-09   1.6878e-09  -4.0927e-09   4.0245e-07
  -4.6909e-09  -4.0927e-09   9.9259e-09  -9.6825e-07
   2.3525e-07   4.0245e-07  -9.6825e-07   1.2968e-04
</covariance>
</state>
<state>
<time>5.4</time>
<index>60</index>
<mean>
 1.00176 0.00115319 -0.00285936 0.254498 </mean>
<covariance>   2.0347e-07   2.0320e-09  -4.9672e-09   2.5848e-07
   2.0320e-09   1.7895e-09  -4.3412e-09   4.1823e-07
  -4.9672e-09  -4.3412e-09   1.0533e-08  -1.0073e-06
   2.5848e-07   4.1823e-07  -1.0073e-06   1.3008e-04
</covariance>
</state>
<state>
<time>5.5</time>
<index>61</index>
<mean>
 1.00177 0.00115553 -0.00286518 0.254498 </mean>
<covariance>   2.0359e-07   2.1515e-09  -5.2581e-09   2.8181e-07
   2.1515e-09   1.8955e-09  -4.6001e-09   4.3412e-07
  -5.2581e-09  -4.6001e-09   1.1165e-08  -1.0465e-06
   2.8181e-07   4.3412e-07  -1.0465e-06   1.3048e-04
</covariance>
</state>
<state>
<time>5.6</time>
<index>62</index>
<mean>
 1.00177 0.00115788 -0.002871 0.254498 </mean>
<covariance>   2.0373e-07   2.2773e-09  -5.5645e-09   3.0533e-07
   2.2773e-09   2.0058e-09  -4.8697e-09   4.5011e-07
  -5.5645e-09  -4.8697e-09   1.1824e-08  -1.0860e-06
   3.0533e-07   4.5011e-07  -1.0860e-06   1.3088e-04
</covariance>
</state>
<state>
<time>5.7</time>
<index>63</index>
<mean>
 1.00177 0.00116024 -0.00287684 0.254498 </mean>
<covariance>   2.0387e-07   2.4095e-09  -5.8865e-09   3.2900e-07
   2.4095e-09   2.1205e-09  -5.1502e-09   4.6622e-07
  -5.8865e-09  -5.1502e-09   1.2510e-08  -1.1258e-06
   3.2900e-07   4.6622e-07  -1.1258e-06   1.3128e-04
</covariance>
</state>
<state>
<time>5.8</time>
<index>64</index>
<mean>
 1.00178 0.0011626 -0.00288269 0.254498 </mean>
<covariance>   2.0402e-07   2.5480e-09  -6.2243e-09   3.5284e-07
   2.5480e-09   2.2397e-09  -5.4416e-09   4.8243e-07
  -6.2243e-09  -5.4416e-09   1.3223e-08  -1.1658e-06
   3.5284e-07   4.8243e-07  -1.1658e-06   1.3167e-04
</covariance>
</state>
<state>
<time>5.9</time>
<index>65</index>
<mean>
 1.00178 0.00116496 -0.00288856 0.254498 </mean>
<covariance>   2.0417e-07   2.6931e-09  -6.5782e-09   3.7684e-07
   2.6931e-09   2.3633e-09  -5.7442e-09   4.9876e-07
  -6.5782e-09  -5.7442e-09   1.3963e-08  -1.2062e-06
   3.7684e-07   4.9876e-07  -1.2062e-06   1.3207e-04
</covariance>
</state>
<state>
<time>6</time>
<index>66</index>
<mean>
 1.00178 0.00116733 -0.00289443 0.254498 </mean>
<covariance>   2.0434e-07   2.8447e-09  -6.9484e-09   4.0101e-07
   2.8447e-09   2.4916e-09  -6.0581e-09   5.1520e-07
  -6.9484e-09  -6.0581e-09   1.4732e-08  -1.2468e-06
   4.0101e-07   5.1520e-07  -1.2468e-06   1.3247e-04
</covariance>
</state>
<state>
<time>6</time>
<index>67</index>
<measurement> 0.00132936</measurement>
<loglik>6.32989</loglik>
<mean>
 1.00186 0.00123578 -0.00306085 0.268651 </mean>
<covariance>   2.0297e-07   1.6430e-09  -4.0266e-09   1.5253e-07
   1.6430e-09   1.4391e-09  -3.4990e-09   2.9757e-07
  -4.0266e-09  -3.4990e-09   8.5092e-09  -7.1759e-07
   1.5253e-07   2.9757e-07  -7.1759e-07   8.7469e-05
</covariance>
</state>
<state>
<time>6.1</time>
<index>68</index>
<mean>
 1.00187 0.00124005 -0.00307119 0.268651 </mean>
<covariance>   2.0305e-07   1.7280e-09  -4.2231e-09   1.6740e-07
   1.7280e-09   1.5244e-09  -3.6972e-09   3.0943e-07
  -4.2231e-09  -3.6972e-09   8.9687e-09  -7.4433e-07
   1.6740e-07   3.0943e-07  -7.4433e-07   8.7868e-05
</covariance>
</state>
<state>
<time>6.2</time>
<index>69</index>
<mean>
 1.00188 0.00124433 -0.00308186 0.268651 </mean>
<covariance>   2.0315e-07   1.8309e-09  -4.4759e-09   1.8555e-07
   1.8309e-09   1.6136e-09  -3.9174e-09   3.2142e-07
  -4.4759e-09  -3.9174e-09   9.5121e-09  -7.7446e-07
   1.8555e-07   3.2142e-07  -7.7446e-07   8.8266e-05
</covariance>
</state>
<state>
<time>6.3</time>
<index>70</index>
<mean>
 1.00188 0.00124863 -0.00309249 0.268651 </mean>
<covariance>   2.0326e-07   1.9361e-09  -4.7313e-09   2.0312e-07
   1.9361e-09   1.7067e-09  -4.1440e-09   3.3354e-07
  -4.7313e-09  -4.1440e-09   1.0064e-08  -8.0416e-07
   2.0312e-07   3.3354e-07  -8.0416e-07   8.8665e-05
</covariance>
</state>
<state>
<time>6.4</time>
<index>71</index>
<mean>
 1.00189 0.00125294 -0.00310318 0.268651 </mean>
<covariance>   2.0338e-07   2.0479e-09  -5.0035e-09   2.2107e-07
   2.0479e-09   1.8037e-09  -4.3813e-09   3.4579e-07
  -5.0035e-09  -4.3813e-09   1.0644e-08  -8.3436e-07
   2.2107e-07   3.4579e-07  -8.3436e-07   8.9063e-05
</covariance>
</state>
<state>
<time>6.5</time>
<index>72</index>
<mean>
 1.00189 0.00125727 -0.00311389 0.268651 </mean>
<covariance>   2.0351e-07   2.1651e-09  -5.2891e-09   2.3917e-07
   2.1651e-09   1.9049e-09  -4.6283e-09   3.5817e-07
  -5.2891e-09  -4.6283e-09   1.1247e-08  -8.6484e-07
   2.3917e-07   3.5817e-07  -8.6484e-07   8.9462e-05
</covariance>
</state>
<state>
<time>6.6</time>
<index>73</index>
<mean>
 1.0019 0.00126161 -0.00312465 0.268651 </mean>
<covariance>   2.0364e-07   2.2883e-09  -5.5894e-09   2.5748e-07
   2.2883e-09   2.0102e-09  -4.8857e-09   3.7069e-07
  -5.5894e-09  -4.8857e-09   1.1876e-08  -8.9566e-07
   2.5748e-07   3.7069e-07  -8.9566e-07   8.9860e-05
</covariance>
</state>
<state>
<time>6.7</time>
<index>74</index>
<mean>
 1.00191 0.00126597 -0.00313545 0.268651 </mean>
<covariance>   2.0378e-07   2.4175e-09  -5.9045e-09   2.7597e-07
   2.4175e-09   2.1197e-09  -5.1535e-09   3.8334e-07
  -5.9045e-09  -5.1535e-09   1.2531e-08  -9.2681e-07
   2.7597e-07   3.8334e-07  -9.2681e-07   9.0258e-05
</covariance>
</state>
<state>
<time>6.8</time>
<index>75</index>
<mean>
 1.00191 0.00127035 -0.00314628 0.268651 </mean>
<covariance>   2.0394e-07   2.5529e-09  -6.2347e-09   2.9467e-07
   2.5529e-09   2.2336e-09  -5.4320e-09   3.9612e-07
  -6.2347e-09  -5.4320e-09   1.3211e-08  -9.5828e-07
   2.9467e-07   3.9612e-07  -9.5828e-07   9.0657e-05
</covariance>
</state>
<state>
<time>6.9</time>
<index>76</index>
<mean>
 1.00192 0.00127474 -0.00315715 0.268651 </mean>
<covariance>   2.0410e-07   2.6945e-09  -6.5803e-09   3.1356e-07
   2.6945e-09   2.3519e-09  -5.7213e-09   4.0904e-07
  -6.5803e-09  -5.7213e-09   1.3919e-08  -9.9010e-07
   3.1356e-07   4.0904e-07  -9.9010e-07   9.1055e-05
</covariance>
</state>
<state>
<time>7</time>
<index>77</index>
<mean>
 1.00193 0.00127914 -0.00316806 0.268651 </mean>
<covariance>   2.0427e-07   2.8425e-09  -6.9417e-09   3.3266e-07
   2.8425e-09   2.4747e-09  -6.0218e-09   4.2209e-07
  -6.9417e-09  -6.0218e-09   1.4654e-08  -1.0222e-06
   3.3266e-07   4.2209e-07  -1.0222e-06   9.1454e-05
</covariance>
</state>
<state>
<time>7</time>
<index>78</index>
<measurement> 0.00137607</measurement>
<loglik>7.78635</loglik>
<mean>
 1.00197 0.00131568 -0.00325697 0.274883 </mean>
<covariance>   2.0304e-07   1.7710e-09  -4.3345e-09   1.4991e-07
   1.7710e-09   1.5419e-09  -3.7519e-09   2.6299e-07
  -4.3345e-09  -3.7519e-09   9.1310e-09  -6.3509e-07
   1.4991e-07   2.6299e-07  -6.3509e-07   6.4317e-05
</covariance>
</state>
<state>
<time>7.1</time>
<index>79</index>
<mean>
 1.00198 0.00132105 -0.0032702 0.274883 </mean>
<covariance>   2.0313e-07   1.8629e-09  -4.5533e-09   1.6287e-07
   1.8629e-09   1.6254e-09  -3.9511e-09   2.7254e-07
  -4.5533e-09  -3.9511e-09   9.6059e-09  -6.5761e-07
   1.6287e-07   2.7254e-07  -6.5761e-07   6.4715e-05
</covariance>
</state>
<state>
<time>7.2</time>
<index>80</index>
<mean>
 1.00198 0.00132644 -0.00328356 0.274883 </mean>
<covariance>   2.0324e-07   1.9656e-09  -4.8048e-09   1.7722e-07
   1.9656e-09   1.7124e-09  -4.1648e-09   2.8223e-07
  -4.8048e-09  -4.1648e-09   1.0131e-08  -6.8165e-07
   1.7722e-07   2.8223e-07  -6.8165e-07   6.5114e-05
</covariance>
</state>
<state>
<time>7.3</time>
<index>81</index>
<mean>
 1.00199 0.00133185 -0.00329696 0.274883 </mean>
<covariance>   2.0336e-07   2.0719e-09  -5.0636e-09   1.9147e-07
   2.0719e-09   1.8030e-09  -4.3860e-09   2.9204e-07
  -5.0636e-09  -4.3860e-09   1.0671e-08  -7.0571e-07
   1.9147e-07   2.9204e-07  -7.0571e-07   6.5512e-05
</covariance>
</state>
<state>
<time>7.4</time>
<index>82</index>
<mean>
 1.002 0.00133729 -0.00331042 0.274883 </mean>
<covariance>   2.0348e-07   2.1838e-09  -5.3366e-09   2.0597e-07
   2.1838e-09   1.8973e-09  -4.6166e-09   3.0198e-07
  -5.3366e-09  -4.6166e-09   1.1234e-08  -7.3015e-07
   2.0597e-07   3.0198e-07  -7.3015e-07   6.5911e-05
</covariance>
</state>
<state>
<time>7.5</time>
<index>83</index>
<mean>
 1.00201 0.00134275 -0.00332393 0.274883 </mean>
<covariance>   2.0362e-07   2.3010e-09  -5.6224e-09   2.2065e-07
   2.3010e-09   1.9955e-09  -4.8565e-09   3.1206e-07
  -5.6224e-09  -4.8565e-09   1.1821e-08  -7.5490e-07
   2.2065e-07   3.1206e-07  -7.5490e-07   6.6309e-05
</covariance>
</state>
<state>
<time>7.6</time>
<index>84</index>
<mean>
 1.00202 0.00134823 -0.0033375 0.274883 </mean>
<covariance>   2.0376e-07   2.4236e-09  -5.9217e-09   2.3553e-07
   2.4236e-09   2.0975e-09  -5.1060e-09   3.2226e-07
  -5.9217e-09  -5.1060e-09   1.2431e-08  -7.7998e-07
   2.3553e-07   3.2226e-07  -7.7998e-07   6.6707e-05
</covariance>
</state>
<state>
<time>7.7</time>
<index>85</index>
<mean>
 1.00202 0.00135374 -0.00335113 0.274883 </mean>
<covariance>   2.0391e-07   2.5519e-09  -6.2349e-09   2.5060e-07
   2.5519e-09   2.2035e-09  -5.3652e-09   3.3260e-07
  -6.2349e-09  -5.3652e-09   1.3065e-08  -8.0539e-07
   2.5060e-07   3.3260e-07  -8.0539e-07   6.7106e-05
</covariance>
</state>
<state>
<time>7.8</time>
<index>86</index>
<mean>
 1.00203 0.00135926 -0.00336481 0.274883 </mean>
<covariance>   2.0406e-07   2.6859e-09  -6.5621e-09   2.6586e-07
   2.6859e-09   2.3135e-09  -5.6344e-09   3.4307e-07
  -6.5621e-09  -5.6344e-09   1.3723e-08  -8.3113e-07
   2.6586e-07   3.4307e-07  -8.3113e-07   6.7504e-05
</covariance>
</state>
<state>
<time>7.9</time>
<index>87</index>
<mean>
 1.00204 0.00136481 -0.00337855 0.274883 </mean>
<covariance>   2.0423e-07   2.8258e-09  -6.9039e-09   2.8133e-07
   2.8258e-09   2.4277e-09  -5.9139e-09   3.5367e-07
  -6.9039e-09  -5.9139e-09   1.4407e-08  -8.5720e-07
   2.8133e-07   3.5367e-07  -8.5720e-07   6.7903e-05
</covariance>
</state>
<state>
<time>8</time>
<index>88</index>
<mean>
 1.00205 0.00137039 -0.00339234 0.274883 </mean>
<covariance>   2.0440e-07   2.9717e-09  -7.2605e-09   2.9699e-07
   2.9717e-09   2.5462e-09  -6.2039e-09   3.6441e-07
  -7.2605e-09  -6.2039e-09   1.5117e-08  -8.8360e-07
   2.9699e-07   3.6441e-07  -8.8360e-07   6.8301e-05
</covariance>
</state>
<state>
<time>8</time>
<index>89</index>
<measurement> 0.0013991</measurement>
<loglik>8.39589</loglik>
<mean>
 1.00206 0.00138048 -0.00341694 0.276327 </mean>
<covariance>   2.0318e-07   1.9268e-09  -4.7144e-09   1.4744e-07
   1.9268e-09   1.6509e-09  -4.0224e-09   2.3627e-07
  -4.7144e-09  -4.0224e-09   9.8018e-09  -5.7139e-07
   1.4744e-07   2.3627e-07  -5.7139e-07   4.9962e-05
</covariance>
</state>
<state>
<time>8.1</time>
<index>90</index>
<mean>
 1.00207 0.00138632 -0.00343139 0.276327 </mean>
<covariance>   2.0329e-07   2.0220e-09  -4.9456e-09   1.5875e-07
   2.0220e-09   1.7316e-09  -4.2186e-09   2.4419e-07
  -4.9456e-09  -4.2186e-09   1.0279e-08  -5.9061e-07
   1.5875e-07   2.4419e-07  -5.9061e-07   5.0361e-05
</covariance>
</state>
<state>
<time>8.2</time>
<index>91</index>
<mean>
 1.00208 0.00139218 -0.0034459 0.276327 </mean>
<covariance>   2.0340e-07   2.1233e-09  -5.1931e-09   1.7048e-07
   2.1233e-09   1.8156e-09  -4.4242e-09   2.5222e-07
  -5.1931e-09  -4.4242e-09   1.0782e-08  -6.1038e-07
   1.7048e-07   2.5222e-07  -6.1038e-07   5.0759e-05
</covariance>
</state>
<state>
<time>8.3</time>
<index>92</index>
<mean>
 1.00209 0.00139807 -0.00346047 0.276327 </mean>
<covariance>   2.0353e-07   2.2288e-09  -5.4505e-09   1.8233e-07
   2.2288e-09   1.9028e-09  -4.6374e-09   2.6038e-07
  -5.4505e-09  -4.6374e-09   1.1303e-08  -6.3038e-07
   1.8233e-07   2.6038e-07  -6.3038e-07   5.1157e-05
</covariance>
</state>
<state>
<time>8.4</time>
<index>93</index>
<mean>
 1.0021 0.00140398 -0.00347511 0.276327 </mean>
<covariance>   2.0365e-07   2.3391e-09  -5.7200e-09   1.9437e-07
   2.3391e-09   1.9934e-09  -4.8590e-09   2.6865e-07
  -5.7200e-09  -4.8590e-09   1.1845e-08  -6.5069e-07
   1.9437e-07   2.6865e-07  -6.5069e-07   5.1556e-05
</covariance>
</state>
<state>
<time>8.5</time>
<index>94</index>
<mean>
 1.0021 0.00140992 -0.0034898 0.276327 </mean>
<covariance>   2.0379e-07   2.4542e-09  -6.0013e-09   2.0658e-07
   2.4542e-09   2.0874e-09  -5.0890e-09   2.7705e-07
  -6.0013e-09  -5.0890e-09   1.2408e-08  -6.7130e-07
   2.0658e-07   2.7705e-07  -6.7130e-07   5.1954e-05
</covariance>
</state>
<state>
<time>8.6</time>
<index>95</index>
<mean>
 1.00211 0.00141588 -0.00350457 0.276327 </mean>
<covariance>   2.0393e-07   2.5744e-09  -6.2948e-09   2.1897e-07
   2.5744e-09   2.1849e-09  -5.3277e-09   2.8557e-07
  -6.2948e-09  -5.3277e-09   1.2992e-08  -6.9222e-07
   2.1897e-07   2.8557e-07  -6.9222e-07   5.2353e-05
</covariance>
</state>
<state>
<time>8.7</time>
<index>96</index>
<mean>
 1.00212 0.00142187 -0.00351939 0.276327 </mean>
<covariance>   2.0408e-07   2.6996e-09  -6.6010e-09   2.3155e-07
   2.6996e-09   2.2861e-09  -5.5754e-09   2.9422e-07
  -6.6010e-09  -5.5754e-09   1.3598e-08  -7.1344e-07
   2.3155e-07   2.9422e-07  -7.1344e-07   5.2751e-05
</covariance>
</state>
<state>
<time>8.8</time>
<index>97</index>
<mean>
 1.00213 0.00142789 -0.00353428 0.276327 </mean>
<covariance>   2.0424e-07   2.8301e-09  -6.9200e-09   2.4431e-07
   2.8301e-09   2.3910e-09  -5.8321e-09   3.0299e-07
  -6.9200e-09  -5.8321e-09   1.4227e-08  -7.3497e-07
   2.4431e-07   3.0299e-07  -7.3497e-07   5.3150e-05
</covariance>
</state>
<state>
<time>8.9</time>
<index>98</index>
<mean>
 1.00214 0.00143393 -0.00354923 0.276327 </mean>
<covariance>   2.0440e-07   2.9660e-09  -7.2522e-09   2.5726e-07
   2.9660e-09   2.4996e-09  -6.0981e-09   3.1188e-07
  -7.2522e-09  -6.0981e-09   1.4878e-08  -7.5682e-07
   2.5726e-07   3.1188e-07  -7.5682e-07   5.3548e-05
</covariance>
</state>
<state>
<time>9</time>
<index>99</index>
<mean>
 1.00215 0.00144 -0.00356424 0.276327 </mean>
<covariance>   2.0458e-07   3.1073e-09  -7.5979e-09   2.7039e-07
   3.1073e-09   2.6122e-09  -6.3738e-09   3.2091e-07
  -7.5979e-09  -6.3738e-09   1.5553e-08  -7.7898e-07
   2.7039e-07   3.2091e-07  -7.7898e-07   5.3947e-05
</covariance>
</state>
<state>
<time>9</time>
<index>100</index>
<measurement> 0.0013113</measurement>
<loglik>7.3536</loglik>
<mean>
 1.0021 0.00139688 -0.00345903 0.27103 </mean>
<covariance>   2.0334e-07   2.0662e-09  -5.0575e-09   1.4249e-07
   2.0662e-09   1.7369e-09  -4.2382e-09   2.1338e-07
  -5.0575e-09  -4.2382e-09   1.0342e-08  -5.1662e-07
   1.4249e-07   2.1338e-07  -5.1662e-07   4.0737e-05
</covariance>
</state>
<state>
<time>9.1</time>
<index>101</index>
<mean>
 1.0021 0.00140204 -0.00347176 0.27103 </mean>
<covariance>   2.0345e-07   2.1611e-09  -5.2947e-09   1.5263e-07
   2.1611e-09   1.8107e-09  -4.4234e-09   2.1988e-07
  -5.2947e-09  -4.4234e-09   1.0807e-08  -5.3325e-07
   1.5263e-07   2.1988e-07  -5.3325e-07   4.1136e-05
</covariance>
</state>
<state>
<time>9.2</time>
<index>102</index>
<mean>
 1.00211 0.00140723 -0.00348462 0.27103 </mean>
<covariance>   2.0356e-07   2.2540e-09  -5.5206e-09   1.6204e-07
   2.2540e-09   1.8871e-09  -4.6094e-09   2.2648e-07
  -5.5206e-09  -4.6094e-09   1.1260e-08  -5.4927e-07
   1.6204e-07   2.2648e-07  -5.4927e-07   4.1534e-05
</covariance>
</state>
<state>
<time>9.3</time>
<index>103</index>
<mean>
 1.00212 0.00141243 -0.00349751 0.27103 </mean>
<covariance>   2.0368e-07   2.3522e-09  -5.7611e-09   1.7182e-07
   2.3522e-09   1.9662e-09  -4.8034e-09   2.3318e-07
  -5.7611e-09  -4.8034e-09   1.1736e-08  -5.6575e-07
   1.7182e-07   2.3318e-07  -5.6575e-07   4.1933e-05
</covariance>
</state>
<state>
<time>9.4</time>
<index>104</index>
<mean>
 1.00213 0.00141766 -0.00351045 0.27103 </mean>
<covariance>   2.0380e-07   2.4539e-09  -6.0099e-09   1.8170e-07
   2.4539e-09   2.0481e-09  -5.0039e-09   2.3999e-07
  -6.0099e-09  -5.0039e-09   1.2226e-08  -5.8243e-07
   1.8170e-07   2.3999e-07  -5.8243e-07   4.2331e-05
</covariance>
</state>
<state>
<time>9.5</time>
<index>105</index>
<mean>
 1.00214 0.0014229 -0.00352343 0.27103 </mean>
<covariance>   2.0393e-07   2.5597e-09  -6.2688e-09   1.9174e-07
   2.5597e-09   2.1328e-09  -5.2113e-09   2.4689e-07
  -6.2688e-09  -5.2113e-09   1.2735e-08  -5.9938e-07
   1.9174e-07   2.4689e-07  -5.9938e-07   4.2729e-05
</covariance>
</state>
<state>
<time>9.6</time>
<index>106</index>
<mean>
 1.00214 0.00142817 -0.00353647 0.27103 </mean>
<covariance>   2.0407e-07   2.6696e-09  -6.5377e-09   2.0194e-07
   2.6696e-09   2.2203e-09  -5.4259e-09   2.5391e-07
  -6.5377e-09  -5.4259e-09   1.3261e-08  -6.1659e-07
   2.0194e-07   2.5391e-07  -6.1659e-07   4.3128e-05
</covariance>
</state>
<state>
<time>9.7</time>
<index>107</index>
<mean>
 1.00215 0.00143345 -0.00354955 0.27103 </mean>
<covariance>   2.0420e-07   2.7837e-09  -6.8169e-09   2.1229e-07
   2.7837e-09   2.3108e-09  -5.6477e-09   2.6103e-07
  -6.8169e-09  -5.6477e-09   1.3804e-08  -6.3406e-07
   2.1229e-07   2.6103e-07  -6.3406e-07   4.3526e-05
</covariance>
</state>
<state>
<time>9.8</time>
<index>108</index>
<mean>
 1.00216 0.00143876 -0.00356269 0.27103 </mean>
<covariance>   2.0435e-07   2.9020e-09  -7.1067e-09   2.2280e-07
   2.9020e-09   2.4044e-09  -5.8769e-09   2.6825e-07
  -7.1067e-09  -5.8769e-09   1.4366e-08  -6.5180e-07
   2.2280e-07   2.6825e-07  -6.5180e-07   4.3925e-05
</covariance>
</state>
<state>
<time>9.9</time>
<index>109</index>
<mean>
 1.00217 0.00144408 -0.00357587 0.27103 </mean>
<covariance>   2.0450e-07   3.0248e-09  -7.4073e-09   2.3346e-07
   3.0248e-09   2.5010e-09  -6.1138e-09   2.7559e-07
  -7.4073e-09  -6.1138e-09   1.4947e-08  -6.6980e-07
   2.3346e-07   2.7559e-07  -6.6980e-07   4.4323e-05
</covariance>
</state>
<state>
<time>10</time>
<index>110</index>
<mean>
 1.00217 0.00144943 -0.0035891 0.27103 </mean>
<covariance>   2.0466e-07   3.1520e-09  -7.7189e-09   2.4429e-07
   3.1520e-09   2.6007e-09  -6.3584e-09   2.8303e-07
  -7.7189e-09  -6.3584e-09   1.5546e-08  -6.8807e-07
   2.4429e-07   2.8303e-07  -6.8807e-07   4.4722e-05
</covariance>
</state>
<state>
<time>10</time>
<index>111</index>
<measurement> 0.00145617</measurement>
<loglik>8.40936</loglik>
<mean>
 1.00218 0.00145166 -0.00359457 0.271273 </mean>
<covariance>   2.0340e-07   2.1081e-09  -5.1667e-09   1.3069e-07
   2.1081e-09   1.7394e-09  -4.2526e-09   1.8930e-07
  -5.1667e-09  -4.2526e-09   1.0398e-08  -4.5890e-07
   1.3069e-07   1.8930e-07  -4.5890e-07   3.4521e-05
</covariance>
</state>
<state>
<time>10.1</time>
<index>112</index>
<mean>
 1.00219 0.00145707 -0.00360796 0.271273 </mean>
<covariance>   2.0350e-07   2.1943e-09  -5.3773e-09   1.3897e-07
   2.1943e-09   1.8086e-09  -4.4218e-09   1.9503e-07
  -5.3773e-09  -4.4218e-09   1.0812e-08  -4.7291e-07
   1.3897e-07   1.9503e-07  -4.7291e-07   3.4919e-05
</covariance>
</state>
<state>
<time>10.2</time>
<index>113</index>
<mean>
 1.00219 0.0014625 -0.0036214 0.271273 </mean>
<covariance>   2.0361e-07   2.2842e-09  -5.5973e-09   1.4743e-07
