<?xml version="1.0"?>
<root>
<parameters> 0.169162 0.00120909 0.20548</parameters>
<dataPoints>500</dataPoints>
<states>
<state>
<time>0</time>
<index>0</index>
<mean>
 0.999 0.001 0.18 </mean>
<covariance>   1.0000e-07            0            0
            0   1.0000e-07            0
            0            0   1.0000e-03
</covariance>
</state>
<state>
<time>0</time>
<index>1</index>
<measurement> 0.00106632</measurement>
<loglik>7.10631</loglik>
<mean>
 0.999 0.0010647 0.18 </mean>
<covariance>   1.0000e-07            0            0
            0   2.4390e-09            0
            0            0   1.0000e-03
</covariance>
</state>
<state>
<time>0.1</time>
<index>2</index>
<mean>
 0.998996 0.00106855 0.20548 </mean>
<covariance>   1.0001e-07  -1.1999e-11  -1.0636e-07
  -1.1999e-11   2.4555e-09   1.0636e-07
  -1.0636e-07   1.0636e-07   1.0001e-03
</covariance>
</state>
<state>
<time>0.2</time>
<index>3</index>
<mean>
 0.998992 0.00107241 0.20548 </mean>
<covariance>   1.0004e-07  -5.2932e-11  -2.1351e-07
  -5.2932e-11   2.5075e-09   2.1351e-07
  -2.1351e-07   2.1351e-07   1.0003e-03
</covariance>
</state>
<state>
<time>0.3</time>
<index>4</index>
<mean>
 0.998988 0.00107628 0.20548 </mean>
<covariance>   1.0009e-07  -1.1740e-10  -3.2144e-07
  -1.1740e-10   2.5830e-09   3.2144e-07
  -3.2144e-07   3.2144e-07   1.0004e-03
</covariance>
</state>
<state>
<time>0.4</time>
<index>5</index>
<mean>
 0.998985 0.00108017 0.20548 </mean>
<covariance>   1.0017e-07  -2.0590e-10  -4.3016e-07
  -2.0590e-10   2.6826e-09   4.3016e-07
  -4.3016e-07   4.3016e-07   1.0006e-03
</covariance>
</state>
<state>
<time>0.5</time>
<index>6</index>
<mean>
 0.998981 0.00108407 0.20548 </mean>
<covariance>   1.0027e-07  -3.1896e-10  -5.3967e-07
  -3.1896e-10   2.8069e-09   5.3967e-07
  -5.3967e-07   5.3967e-07   1.0007e-03
</covariance>
</state>
<state>
<time>0.6</time>
<index>7</index>
<mean>
 0.998977 0.00108798 0.20548 </mean>
<covariance>   1.0040e-07  -4.5709e-10  -6.4999e-07
  -4.5709e-10   2.9562e-09   6.4999e-07
  -6.4999e-07   6.4999e-07   1.0009e-03
</covariance>
</state>
<state>
<time>0.7</time>
<index>8</index>
<mean>
 0.998973 0.00109191 0.20548 </mean>
<covariance>   1.0055e-07  -6.2081e-10  -7.6110e-07
  -6.2081e-10   3.1312e-09   7.6110e-07
  -7.6110e-07   7.6110e-07   1.0010e-03
</covariance>
</state>
<state>
<time>0.8</time>
<index>9</index>
<mean>
 0.998969 0.00109585 0.20548 </mean>
<covariance>   1.0073e-07  -8.1068e-10  -8.7302e-07
  -8.1068e-10   3.3324e-09   8.7302e-07
  -8.7302e-07   8.7302e-07   1.0012e-03
</covariance>
</state>
<state>
<time>0.9</time>
<index>10</index>
<mean>
 0.998965 0.00109981 0.20548 </mean>
<covariance>   1.0093e-07  -1.0272e-09  -9.8575e-07
  -1.0272e-09   3.5603e-09   9.8575e-07
  -9.8575e-07   9.8575e-07   1.0013e-03
</covariance>
</state>
<state>
<time>1</time>
<index>11</index>
<mean>
 0.998961 0.00110378 0.20548 </mean>
<covariance>   1.0117e-07  -1.2710e-09  -1.0993e-06
  -1.2710e-09   3.8154e-09   1.0993e-06
  -1.0993e-06   1.0993e-06   1.0015e-03
</covariance>
</state>
<state>
<time>1</time>
<index>12</index>
<measurement> 0.00102731</measurement>
<loglik>8.05364</loglik>
<mean>
 0.998975 0.00106126 0.193228 </mean>
<covariance>   1.0093e-07  -5.6422e-10  -8.9567e-07
  -5.6422e-10   1.6937e-09   4.8800e-07
  -8.9567e-07   4.8800e-07   8.2533e-04
</covariance>
</state>
<state>
<time>1.1</time>
<index>13</index>
<mean>
 0.998973 0.00106379 0.193228 </mean>
<covariance>   1.0113e-07  -7.2374e-10  -9.8431e-07
  -7.2374e-10   1.8148e-09   5.7664e-07
  -9.8431e-07   5.7664e-07   8.2548e-04
</covariance>
</state>
<state>
<time>1.2</time>
<index>14</index>
<mean>
 0.99897 0.00106633 0.193228 </mean>
<covariance>   1.0135e-07  -9.0321e-10  -1.0734e-06
  -9.0321e-10   1.9556e-09   6.6572e-07
  -1.0734e-06   6.6572e-07   8.2563e-04
</covariance>
</state>
<state>
<time>1.3</time>
<index>15</index>
<mean>
 0.998967 0.00106887 0.193228 </mean>
<covariance>   1.0158e-07  -1.1029e-09  -1.1629e-06
  -1.1029e-09   2.1165e-09   7.5524e-07
  -1.1629e-06   7.5524e-07   8.2577e-04
</covariance>
</state>
<state>
<time>1.4</time>
<index>16</index>
<mean>
 0.998965 0.00107143 0.193228 </mean>
<covariance>   1.0184e-07  -1.3231e-09  -1.2529e-06
  -1.3231e-09   2.2976e-09   8.4519e-07
  -1.2529e-06   8.4519e-07   8.2592e-04
</covariance>
</state>
<state>
<time>1.5</time>
<index>17</index>
<mean>
 0.998962 0.00107398 0.193228 </mean>
<covariance>   1.0212e-07  -1.5640e-09  -1.3432e-06
  -1.5640e-09   2.4993e-09   9.3558e-07
  -1.3432e-06   9.3558e-07   8.2606e-04
</covariance>
</state>
<state>
<time>1.6</time>
<index>18</index>
<mean>
 0.99896 0.00107655 0.193228 </mean>
<covariance>   1.0243e-07  -1.8261e-09  -1.4341e-06
  -1.8261e-09   2.7219e-09   1.0264e-06
  -1.4341e-06   1.0264e-06   8.2621e-04
</covariance>
</state>
<state>
<time>1.7</time>
<index>19</index>
<mean>
 0.998957 0.00107912 0.193228 </mean>
<covariance>   1.0275e-07  -2.1095e-09  -1.5254e-06
  -2.1095e-09   2.9657e-09   1.1177e-06
  -1.5254e-06   1.1177e-06   8.2636e-04
</covariance>
</state>
<state>
<time>1.8</time>
<index>20</index>
<mean>
 0.998955 0.00108169 0.193228 </mean>
<covariance>   1.0309e-07  -2.4145e-09  -1.6171e-06
  -2.4145e-09   3.2309e-09   1.2094e-06
  -1.6171e-06   1.2094e-06   8.2650e-04
</covariance>
</state>
<state>
<time>1.9</time>
<index>21</index>
<mean>
 0.998952 0.00108427 0.193228 </mean>
<covariance>   1.0346e-07  -2.7415e-09  -1.7092e-06
  -2.7415e-09   3.5179e-09   1.3016e-06
  -1.7092e-06   1.3016e-06   8.2665e-04
</covariance>
</state>
<state>
<time>2</time>
<index>22</index>
<mean>
 0.998949 0.00108686 0.193228 </mean>
<covariance>   1.0385e-07  -3.0907e-09  -1.8018e-06
  -3.0907e-09   3.8269e-09   1.3942e-06
  -1.8018e-06   1.3942e-06   8.2679e-04
</covariance>
</state>
<state>
<time>2</time>
<index>23</index>
<measurement> 0.000995557</measurement>
<loglik>7.87096</loglik>
<mean>
 0.998991 0.00103533 0.174454 </mean>
<covariance>   1.0244e-07  -1.3462e-09  -1.1663e-06
  -1.3462e-09   1.6669e-09   6.0725e-07
  -1.1663e-06   6.0725e-07   5.4012e-04
</covariance>
</state>
<state>
<time>2.1</time>
<index>24</index>
<mean>
 0.998991 0.00103585 0.174454 </mean>
<covariance>   1.0269e-07  -1.5351e-09  -1.2225e-06
  -1.5351e-09   1.8000e-09   6.6340e-07
  -1.2225e-06   6.6340e-07   5.4026e-04
</covariance>
</state>
<state>
<time>2.2</time>
<index>25</index>
<mean>
 0.99899 0.00103638 0.174454 </mean>
<covariance>   1.0294e-07  -1.7359e-09  -1.2787e-06
  -1.7359e-09   1.9449e-09   7.1963e-07
  -1.2787e-06   7.1963e-07   5.4041e-04
</covariance>
</state>
<state>
<time>2.3</time>
<index>26</index>
<mean>
 0.99899 0.00103691 0.174454 </mean>
<covariance>   1.0321e-07  -1.9487e-09  -1.3350e-06
  -1.9487e-09   2.1017e-09   7.7592e-07
  -1.3350e-06   7.7592e-07   5.4055e-04
</covariance>
</state>
<state>
<time>2.4</time>
<index>27</index>
<mean>
 0.998989 0.00103745 0.174454 </mean>
<covariance>   1.0349e-07  -2.1734e-09  -1.3914e-06
  -2.1734e-09   2.2704e-09   8.3229e-07
  -1.3914e-06   8.3229e-07   5.4070e-04
</covariance>
</state>
<state>
<time>2.5</time>
<index>28</index>
<mean>
 0.998988 0.00103798 0.174454 </mean>
<covariance>   1.0378e-07  -2.4101e-09  -1.4478e-06
  -2.4101e-09   2.4511e-09   8.8873e-07
  -1.4478e-06   8.8873e-07   5.4085e-04
</covariance>
</state>
<state>
<time>2.6</time>
<index>29</index>
<mean>
 0.998988 0.00103851 0.174454 </mean>
<covariance>   1.0409e-07  -2.6589e-09  -1.5043e-06
  -2.6589e-09   2.6437e-09   9.4524e-07
  -1.5043e-06   9.4524e-07   5.4099e-04
</covariance>
</state>
<state>
<time>2.7</time>
<index>30</index>
<mean>
 0.998987 0.00103904 0.174454 </mean>
<covariance>   1.0441e-07  -2.9197e-09  -1.5609e-06
  -2.9197e-09   2.8484e-09   1.0018e-06
  -1.5609e-06   1.0018e-06   5.4114e-04
</covariance>
</state>
<state>
<time>2.8</time>
<index>31</index>
<mean>
 0.998987 0.00103957 0.174454 </mean>
<covariance>   1.0474e-07  -3.1926e-09  -1.6175e-06
  -3.1926e-09   3.0651e-09   1.0585e-06
  -1.6175e-06   1.0585e-06   5.4129e-04
</covariance>
</state>
<state>
<time>2.9</time>
<index>32</index>
<mean>
 0.998986 0.0010401 0.174454 </mean>
<covariance>   1.0508e-07  -3.4777e-09  -1.6743e-06
  -3.4777e-09   3.2939e-09   1.1152e-06
  -1.6743e-06   1.1152e-06   5.4143e-04
</covariance>
</state>
<state>
<time>3</time>
<index>33</index>
<mean>
 0.998986 0.00104063 0.174454 </mean>
<covariance>   1.0543e-07  -3.7750e-09  -1.7311e-06
  -3.7750e-09   3.5348e-09   1.1720e-06
  -1.7311e-06   1.1720e-06   5.4158e-04
</covariance>
</state>
<state>
<time>3</time>
<index>34</index>
<measurement> 0.00122201</measurement>
<loglik>5.89181</loglik>
<mean>
 0.998876 0.00114335 0.208509 </mean>
<covariance>   1.0315e-07  -1.6373e-09  -1.0223e-06
  -1.6373e-09   1.5331e-09   5.0831e-07
  -1.0223e-06   5.0831e-07   3.2153e-04
</covariance>
</state>
<state>
<time>3.1</time>
<index>35</index>
<mean>
 0.998872 0.00114782 0.208509 </mean>
<covariance>   1.0339e-07  -1.8266e-09  -1.0610e-06
  -1.8266e-09   1.6658e-09   5.4699e-07
  -1.0610e-06   5.4699e-07   3.2168e-04
</covariance>
</state>
<state>
<time>3.2</time>
<index>36</index>
<mean>
 0.998867 0.00115231 0.208509 </mean>
<covariance>   1.0365e-07  -2.0269e-09  -1.1000e-06
  -2.0269e-09   1.8089e-09   5.8599e-07
  -1.1000e-06   5.8599e-07   3.2182e-04
</covariance>
</state>
<state>
<time>3.3</time>
<index>37</index>
<mean>
 0.998863 0.00115681 0.208509 </mean>
<covariance>   1.0392e-07  -2.2382e-09  -1.1393e-06
  -2.2382e-09   1.9627e-09   6.2530e-07
  -1.1393e-06   6.2530e-07   3.2197e-04
</covariance>
</state>
<state>
<time>3.4</time>
<index>38</index>
<mean>
 0.998858 0.00116134 0.208509 </mean>
<covariance>   1.0420e-07  -2.4609e-09  -1.1789e-06
  -2.4609e-09   2.1273e-09   6.6492e-07
  -1.1789e-06   6.6492e-07   3.2211e-04
</covariance>
</state>
<state>
<time>3.5</time>
<index>39</index>
<mean>
 0.998854 0.00116588 0.208509 </mean>
<covariance>   1.0449e-07  -2.6951e-09  -1.2188e-06
  -2.6951e-09   2.3030e-09   7.0485e-07
  -1.2188e-06   7.0485e-07   3.2226e-04
</covariance>
</state>
<state>
<time>3.6</time>
<index>40</index>
<mean>
 0.998849 0.00117044 0.208509 </mean>
<covariance>   1.0480e-07  -2.9411e-09  -1.2591e-06
  -2.9411e-09   2.4901e-09   7.4511e-07
  -1.2591e-06   7.4511e-07   3.2241e-04
</covariance>
</state>
<state>
<time>3.7</time>
<index>41</index>
<mean>
 0.998844 0.00117502 0.208509 </mean>
<covariance>   1.0512e-07  -3.1991e-09  -1.2997e-06
  -3.1991e-09   2.6888e-09   7.8569e-07
  -1.2997e-06   7.8569e-07   3.2255e-04
</covariance>
</state>
<state>
<time>3.8</time>
<index>42</index>
<mean>
 0.99884 0.00117961 0.208509 </mean>
<covariance>   1.0545e-07  -3.4694e-09  -1.3406e-06
  -3.4694e-09   2.8993e-09   8.2658e-07
  -1.3406e-06   8.2658e-07   3.2270e-04
</covariance>
</state>
<state>
<time>3.9</time>
<index>43</index>
<mean>
 0.998835 0.00118423 0.208509 </mean>
<covariance>   1.0579e-07  -3.7523e-09  -1.3818e-06
  -3.7523e-09   3.1219e-09   8.6780e-07
  -1.3818e-06   8.6780e-07   3.2285e-04
</covariance>
</state>
<state>
<time>4</time>
<index>44</index>
<mean>
 0.998831 0.00118886 0.208509 </mean>
<covariance>   1.0615e-07  -4.0479e-09  -1.4233e-06
  -4.0479e-09   3.3568e-09   9.0935e-07
  -1.4233e-06   9.0935e-07   3.2299e-04
</covariance>
</state>
<state>
<time>4</time>
<index>45</index>
<measurement> 0.00106215</measurement>
<loglik>7.31257</loglik>
<mean>
 0.998905 0.00112713 0.191786 </mean>
<covariance>   1.0377e-07  -2.0758e-09  -8.8909e-07
  -2.0758e-09   1.7214e-09   4.6634e-07
  -8.8909e-07   4.6634e-07   2.0298e-04
</covariance>
</state>
<state>
<time>4.1</time>
<index>46</index>
<mean>
 0.998903 0.00112965 0.191786 </mean>
<covariance>   1.0398e-07  -2.2375e-09  -9.1297e-07
  -2.2375e-09   1.8369e-09   4.9021e-07
  -9.1297e-07   4.9021e-07   2.0312e-04
</covariance>
</state>
<state>
<time>4.2</time>
<index>47</index>
<mean>
 0.9989 0.00113218 0.191786 </mean>
<covariance>   1.0419e-07  -2.4055e-09  -9.3697e-07
  -2.4055e-09   1.9585e-09   5.1421e-07
  -9.3697e-07   5.1421e-07   2.0327e-04
</covariance>
</state>
<state>
<time>4.3</time>
<index>48</index>
<mean>
 0.998897 0.00113472 0.191786 </mean>
<covariance>   1.0441e-07  -2.5800e-09  -9.6109e-07
  -2.5800e-09   2.0863e-09   5.3834e-07
  -9.6109e-07   5.3834e-07   2.0342e-04
</covariance>
</state>
<state>
<time>4.4</time>
<index>49</index>
<mean>
 0.998895 0.00113727 0.191786 </mean>
<covariance>   1.0464e-07  -2.7609e-09  -9.8533e-07
  -2.7609e-09   2.2205e-09   5.6258e-07
  -9.8533e-07   5.6258e-07   2.0356e-04
</covariance>
</state>
<state>
<time>4.5</time>
<index>50</index>
<mean>
 0.998892 0.00113981 0.191786 </mean>
<covariance>   1.0487e-07  -2.9485e-09  -1.0097e-06
  -2.9485e-09   2.3611e-09   5.8694e-07
  -1.0097e-06   5.8694e-07   2.0371e-04
</covariance>
</state>
<state>
<time>4.6</time>
<index>51</index>
<mean>
 0.99889 0.00114237 0.191786 </mean>
<covariance>   1.0511e-07  -3.1428e-09  -1.0342e-06
  -3.1428e-09   2.5081e-09   6.1143e-07
  -1.0342e-06   6.1143e-07   2.0385e-04
</covariance>
</state>
<state>
<time>4.7</time>
<index>52</index>
<mean>
 0.998887 0.00114493 0.191786 </mean>
<covariance>   1.0536e-07  -3.3438e-09  -1.0588e-06
  -3.3438e-09   2.6617e-09   6.3604e-07
  -1.0588e-06   6.3604e-07   2.0400e-04
</covariance>
</state>
<state>
<time>4.8</time>
<index>53</index>
<mean>
 0.998885 0.0011475 0.191786 </mean>
<covariance>   1.0562e-07  -3.5517e-09  -1.0835e-06
  -3.5517e-09   2.8220e-09   6.6077e-07
  -1.0835e-06   6.6077e-07   2.0415e-04
</covariance>
</state>
<state>
<time>4.9</time>
<index>54</index>
<mean>
 0.998882 0.00115007 0.191786 </mean>
<covariance>   1.0588e-07  -3.7666e-09  -1.1084e-06
  -3.7666e-09   2.9890e-09   6.8563e-07
  -1.1084e-06   6.8563e-07   2.0429e-04
</covariance>
</state>
<state>
<time>5</time>
<index>55</index>
<mean>
 0.99888 0.00115264 0.191786 </mean>
<covariance>   1.0615e-07  -3.9885e-09  -1.1334e-06
  -3.9885e-09   3.1628e-09   7.1061e-07
  -1.1334e-06   7.1061e-07   2.0444e-04
</covariance>
</state>
<state>
<time>5</time>
<index>56</index>
<measurement> 0.00120132</measurement>
<loglik>8.3253</loglik>
<mean>
 0.99885 0.00117639 0.197121 </mean>
<covariance>   1.0370e-07  -2.0430e-09  -6.9627e-07
  -2.0430e-09   1.6201e-09   3.6400e-07
  -6.9627e-07   3.6400e-07   1.2656e-04
</covariance>
</state>
<state>
<time>5.1</time>
<index>57</index>
<mean>
 0.998846 0.00117965 0.197121 </mean>
<covariance>   1.0387e-07  -2.1773e-09  -7.1214e-07
  -2.1773e-09   1.7165e-09   3.7986e-07
  -7.1214e-07   3.7986e-07   1.2671e-04
</covariance>
</state>
<state>
<time>5.2</time>
<index>58</index>
<mean>
 0.998843 0.00118292 0.197121 </mean>
<covariance>   1.0405e-07  -2.3163e-09  -7.2810e-07
  -2.3163e-09   1.8175e-09   3.9583e-07
  -7.2810e-07   3.9583e-07   1.2686e-04
</covariance>
</state>
<state>
<time>5.3</time>
<index>59</index>
<mean>
 0.99884 0.0011862 0.197121 </mean>
<covariance>   1.0423e-07  -2.4601e-09  -7.4417e-07
  -2.4601e-09   1.9230e-09   4.1190e-07
  -7.4417e-07   4.1190e-07   1.2700e-04
</covariance>
</state>
<state>
<time>5.4</time>
<index>60</index>
<mean>
 0.998836 0.00118949 0.197121 </mean>
<covariance>   1.0442e-07  -2.6088e-09  -7.6034e-07
  -2.6088e-09   2.0333e-09   4.2807e-07
  -7.6034e-07   4.2807e-07   1.2715e-04
</covariance>
</state>
<state>
<time>5.5</time>
<index>61</index>
<mean>
 0.998833 0.00119279 0.197121 </mean>
<covariance>   1.0461e-07  -2.7625e-09  -7.7662e-07
  -2.7625e-09   2.1482e-09   4.4435e-07
  -7.7662e-07   4.4435e-07   1.2730e-04
</covariance>
</state>
<state>
<time>5.6</time>
<index>62</index>
<mean>
 0.99883 0.0011961 0.197121 </mean>
<covariance>   1.0481e-07  -2.9212e-09  -7.9300e-07
  -2.9212e-09   2.2680e-09   4.6073e-07
  -7.9300e-07   4.6073e-07   1.2744e-04
</covariance>
</state>
<state>
<time>5.7</time>
<index>63</index>
<mean>
 0.998827 0.00119941 0.197121 </mean>
<covariance>   1.0501e-07  -3.0849e-09  -8.0948e-07
  -3.0849e-09   2.3926e-09   4.7721e-07
  -8.0948e-07   4.7721e-07   1.2759e-04
</covariance>
</state>
<state>
<time>5.8</time>
<index>64</index>
<mean>
 0.998823 0.00120274 0.197121 </mean>
<covariance>   1.0522e-07  -3.2539e-09  -8.2607e-07
  -3.2539e-09   2.5223e-09   4.9380e-07
  -8.2607e-07   4.9380e-07   1.2773e-04
</covariance>
</state>
<state>
<time>5.9</time>
<index>65</index>
<mean>
 0.99882 0.00120607 0.197121 </mean>
<covariance>   1.0543e-07  -3.4281e-09  -8.4277e-07
  -3.4281e-09   2.6569e-09   5.1049e-07
  -8.4277e-07   5.1049e-07   1.2788e-04
</covariance>
</state>
<state>
<time>6</time>
<index>66</index>
<mean>
 0.998817 0.00120942 0.197121 </mean>
<covariance>   1.0565e-07  -3.6076e-09  -8.5957e-07
  -3.6076e-09   2.7967e-09   5.2729e-07
  -8.5957e-07   5.2729e-07   1.2803e-04
</covariance>
</state>
<state>
<time>6</time>
<index>67</index>
<measurement> 0.00132936</measurement>
<loglik>7.39575</loglik>
<mean>
 0.998749 0.0012614 0.206921 </mean>
<covariance>   1.0363e-07  -2.0442e-09  -5.6480e-07
  -2.0442e-09   1.5847e-09   2.9878e-07
  -5.6480e-07   2.9878e-07   8.4942e-05
</covariance>
</state>
<state>
<time>6.1</time>
<index>68</index>
<mean>
 0.998745 0.00126613 0.206921 </mean>
<covariance>   1.0379e-07  -2.1655e-09  -5.7661e-07
  -2.1655e-09   1.6734e-09   3.1059e-07
  -5.7661e-07   3.1059e-07   8.5088e-05
</covariance>
</state>
<state>
<time>6.2</time>
<index>69</index>
<mean>
 0.99874 0.00127087 0.206921 </mean>
<covariance>   1.0395e-07  -2.2909e-09  -5.8852e-07
  -2.2909e-09   1.7661e-09   3.2250e-07
  -5.8852e-07   3.2250e-07   8.5235e-05
</covariance>
</state>
<state>
<time>6.3</time>
<index>70</index>
<mean>
 0.998735 0.00127564 0.206921 </mean>
<covariance>   1.0411e-07  -2.4207e-09  -6.0053e-07
  -2.4207e-09   1.8628e-09   3.3451e-07
  -6.0053e-07   3.3451e-07   8.5381e-05
</covariance>
</state>
<state>
<time>6.4</time>
<index>71</index>
<mean>
 0.99873 0.00128042 0.206921 </mean>
<covariance>   1.0428e-07  -2.5548e-09  -6.1265e-07
  -2.5548e-09   1.9636e-09   3.4663e-07
  -6.1265e-07   3.4663e-07   8.5527e-05
</covariance>
</state>
<state>
<time>6.5</time>
<index>72</index>
<mean>
 0.998726 0.00128522 0.206921 </mean>
<covariance>   1.0445e-07  -2.6933e-09  -6.2487e-07
  -2.6933e-09   2.0686e-09   3.5885e-07
  -6.2487e-07   3.5885e-07   8.5673e-05
</covariance>
</state>
<state>
<time>6.6</time>
<index>73</index>
<mean>
 0.998721 0.00129004 0.206921 </mean>
<covariance>   1.0462e-07  -2.8364e-09  -6.3719e-07
  -2.8364e-09   2.1778e-09   3.7117e-07
  -6.3719e-07   3.7117e-07   8.5819e-05
</covariance>
</state>
<state>
<time>6.7</time>
<index>74</index>
<mean>
 0.998716 0.00129488 0.206921 </mean>
<covariance>   1.0481e-07  -2.9841e-09  -6.4962e-07
  -2.9841e-09   2.2915e-09   3.8360e-07
  -6.4962e-07   3.8360e-07   8.5965e-05
</covariance>
</state>
<state>
<time>6.8</time>
<index>75</index>
<mean>
 0.998711 0.00129973 0.206921 </mean>
<covariance>   1.0499e-07  -3.1364e-09  -6.6216e-07
  -3.1364e-09   2.4096e-09   3.9614e-07
  -6.6216e-07   3.9614e-07   8.6112e-05
</covariance>
</state>
<state>
<time>6.9</time>
<index>76</index>
<mean>
 0.998706 0.00130461 0.206921 </mean>
<covariance>   1.0518e-07  -3.2935e-09  -6.7481e-07
  -3.2935e-09   2.5322e-09   4.0879e-07
  -6.7481e-07   4.0879e-07   8.6258e-05
</covariance>
</state>
<state>
<time>7</time>
<index>77</index>
<mean>
 0.998701 0.0013095 0.206921 </mean>
<covariance>   1.0538e-07  -3.4555e-09  -6.8756e-07
  -3.4555e-09   2.6594e-09   4.2154e-07
  -6.8756e-07   4.2154e-07   8.6404e-05
</covariance>
</state>
<state>
<time>7</time>
<index>78</index>
<measurement> 0.00137607</measurement>
<loglik>8.15462</loglik>
<mean>
 0.998668 0.00133498 0.210961 </mean>
<covariance>   1.0366e-07  -2.1326e-09  -4.7786e-07
  -2.1326e-09   1.6413e-09   2.6016e-07
  -4.7786e-07   2.6016e-07   6.0823e-05
</covariance>
</state>
<state>
<time>7.1</time>
<index>79</index>
<mean>
 0.998663 0.00134053 0.210961 </mean>
<covariance>   1.0380e-07  -2.2451e-09  -4.8704e-07
  -2.2451e-09   1.7255e-09   2.6933e-07
  -4.8704e-07   2.6933e-07   6.0969e-05
</covariance>
</state>
<state>
<time>7.2</time>
<index>80</index>
<mean>
 0.998657 0.00134609 0.210961 </mean>
<covariance>   1.0395e-07  -2.3612e-09  -4.9630e-07
  -2.3612e-09   1.8133e-09   2.7860e-07
  -4.9630e-07   2.7860e-07   6.1115e-05
</covariance>
</state>
<state>
<time>7.3</time>
<index>81</index>
<mean>
 0.998652 0.00135168 0.210961 </mean>
<covariance>   1.0410e-07  -2.4811e-09  -5.0566e-07
  -2.4811e-09   1.9045e-09   2.8796e-07
  -5.0566e-07   2.8796e-07   6.1261e-05
</covariance>
</state>
<state>
<time>7.4</time>
<index>82</index>
<mean>
 0.998646 0.00135729 0.210961 </mean>
<covariance>   1.0425e-07  -2.6049e-09  -5.1511e-07
  -2.6049e-09   1.9994e-09   2.9741e-07
  -5.1511e-07   2.9741e-07   6.1407e-05
</covariance>
</state>
<state>
<time>7.5</time>
<index>83</index>
<mean>
 0.99864 0.00136293 0.210961 </mean>
<covariance>   1.0441e-07  -2.7326e-09  -5.2466e-07
  -2.7326e-09   2.0980e-09   3.0695e-07
  -5.2466e-07   3.0695e-07   6.1554e-05
</covariance>
</state>
<state>
<time>7.6</time>
<index>84</index>
<mean>
 0.998635 0.00136858 0.210961 </mean>
<covariance>   1.0457e-07  -2.8643e-09  -5.3429e-07
  -2.8643e-09   2.2003e-09   3.1659e-07
  -5.3429e-07   3.1659e-07   6.1700e-05
</covariance>
</state>
<state>
<time>7.7</time>
<index>85</index>
<mean>
 0.998629 0.00137427 0.210961 </mean>
<covariance>   1.0473e-07  -3.0000e-09  -5.4402e-07
  -3.0000e-09   2.3065e-09   3.2632e-07
  -5.4402e-07   3.2632e-07   6.1846e-05
</covariance>
</state>
<state>
<time>7.8</time>
<index>86</index>
<mean>
 0.998623 0.00137997 0.210961 </mean>
<covariance>   1.0490e-07  -3.1399e-09  -5.5385e-07
  -3.1399e-09   2.4166e-09   3.3614e-07
  -5.5385e-07   3.3614e-07   6.1992e-05
</covariance>
</state>
<state>
<time>7.9</time>
<index>87</index>
<mean>
 0.998618 0.0013857 0.210961 </mean>
<covariance>   1.0508e-07  -3.2841e-09  -5.6377e-07
  -3.2841e-09   2.5307e-09   3.4607e-07
  -5.6377e-07   3.4607e-07   6.2138e-05
</covariance>
</state>
<state>
<time>8</time>
<index>88</index>
<mean>
 0.998612 0.00139145 0.210961 </mean>
<covariance>   1.0525e-07  -3.4326e-09  -5.7379e-07
  -3.4326e-09   2.6489e-09   3.5609e-07
  -5.7379e-07   3.5609e-07   6.2285e-05
</covariance>
</state>
<state>
<time>8</time>
<index>89</index>
<measurement> 0.0013991</measurement>
<loglik>8.43206</loglik>
<mean>
 0.998608 0.00139415 0.211324 </mean>
<covariance>   1.0368e-07  -2.2185e-09  -4.1059e-07
  -2.2185e-09   1.7120e-09   2.3014e-07
  -4.1059e-07   2.3014e-07   4.5354e-05
</covariance>
</state>
<state>
<time>8.1</time>
<index>90</index>
<mean>
 0.998602 0.00139999 0.211324 </mean>
<covariance>   1.0381e-07  -2.3222e-09  -4.1785e-07
  -2.3222e-09   1.7915e-09   2.3740e-07
  -4.1785e-07   2.3740e-07   4.5500e-05
</covariance>
</state>
<state>
<time>8.2</time>
<index>91</index>
<mean>
 0.998597 0.00140585 0.211324 </mean>
<covariance>   1.0394e-07  -2.4291e-09  -4.2519e-07
  -2.4291e-09   1.8739e-09   2.4475e-07
  -4.2519e-07   2.4475e-07   4.5647e-05
</covariance>
</state>
<state>
<time>8.3</time>
<index>92</index>
<mean>
 0.998591 0.00141174 0.211324 </mean>
<covariance>   1.0408e-07  -2.5392e-09  -4.3261e-07
  -2.5392e-09   1.9594e-09   2.5217e-07
  -4.3261e-07   2.5217e-07   4.5793e-05
</covariance>
</state>
<state>
<time>8.4</time>
<index>93</index>
<mean>
 0.998585 0.00141765 0.211324 </mean>
<covariance>   1.0421e-07  -2.6526e-09  -4.4011e-07
  -2.6526e-09   2.0480e-09   2.5967e-07
  -4.4011e-07   2.5967e-07   4.5939e-05
</covariance>
</state>
<state>
<time>8.5</time>
<index>94</index>
<mean>
 0.998579 0.00142358 0.211324 </mean>
<covariance>   1.0436e-07  -2.7694e-09  -4.4769e-07
  -2.7694e-09   2.1397e-09   2.6724e-07
  -4.4769e-07   2.6724e-07   4.6085e-05
</covariance>
</state>
<state>
<time>8.6</time>
<index>95</index>
<mean>
 0.998573 0.00142954 0.211324 </mean>
<covariance>   1.0450e-07  -2.8897e-09  -4.5535e-07
  -2.8897e-09   2.2348e-09   2.7490e-07
  -4.5535e-07   2.7490e-07   4.6231e-05
</covariance>
</state>
<state>
<time>8.7</time>
<index>96</index>
<mean>
 0.998567 0.00143553 0.211324 </mean>
<covariance>   1.0465e-07  -3.0134e-09  -4.6308e-07
  -3.0134e-09   2.3331e-09   2.8264e-07
  -4.6308e-07   2.8264e-07   4.6377e-05
</covariance>
</state>
<state>
<time>8.8</time>
<index>97</index>
<mean>
 0.998561 0.00144154 0.211324 </mean>
<covariance>   1.0480e-07  -3.1408e-09  -4.7090e-07
  -3.1408e-09   2.4348e-09   2.9045e-07
  -4.7090e-07   2.9045e-07   4.6524e-05
</covariance>
</state>
<state>
<time>8.9</time>
<index>98</index>
<mean>
 0.998555 0.00144757 0.211324 </mean>
<covariance>   1.0496e-07  -3.2718e-09  -4.7880e-07
  -3.2718e-09   2.5400e-09   2.9835e-07
  -4.7880e-07   2.9835e-07   4.6670e-05
</covariance>
</state>
<state>
<time>9</time>
<index>99</index>
<mean>
 0.998549 0.00145363 0.211324 </mean>
<covariance>   1.0512e-07  -3.4065e-09  -4.8678e-07
  -3.4065e-09   2.6486e-09   3.0633e-07
  -4.8678e-07   3.0633e-07   4.6816e-05
</covariance>
</state>
<state>
<time>9</time>
<index>100</index>
<measurement> 0.0013113</measurement>
<loglik>7.1302</loglik>
<mean>
 0.99861 0.0014061 0.205827 </mean>
<covariance>   1.0366e-07  -2.2689e-09  -3.5521e-07
  -2.2689e-09   1.7641e-09   2.0403e-07
  -3.5521e-07   2.0403e-07   3.4984e-05
</covariance>
</state>
<state>
<time>9.1</time>
<index>101</index>
<mean>
 0.998605 0.00141121 0.205827 </mean>
<covariance>   1.0377e-07  -2.3599e-09  -3.6085e-07
  -2.3599e-09   1.8350e-09   2.0968e-07
  -3.6085e-07   2.0968e-07   3.5131e-05
</covariance>
</state>
<state>
<time>9.2</time>
<index>102</index>
<mean>
 0.9986 0.00141635 0.205827 </mean>
<covariance>   1.0388e-07  -2.4535e-09  -3.6655e-07
  -2.4535e-09   1.9083e-09   2.1538e-07
  -3.6655e-07   2.1538e-07   3.5277e-05
</covariance>
</state>
<state>
<time>9.3</time>
<index>103</index>
<mean>
 0.998595 0.0014215 0.205827 </mean>
<covariance>   1.0400e-07  -2.5495e-09  -3.7232e-07
  -2.5495e-09   1.9839e-09   2.2114e-07
  -3.7232e-07   2.2114e-07   3.5423e-05
</covariance>
</state>
<state>
<time>9.4</time>
<index>104</index>
<mean>
 0.998589 0.00142667 0.205827 </mean>
<covariance>   1.0412e-07  -2.6481e-09  -3.7814e-07
  -2.6481e-09   2.0619e-09   2.2696e-07
  -3.7814e-07   2.2696e-07   3.5569e-05
</covariance>
</state>
<state>
<time>9.5</time>
<index>105</index>
<mean>
 0.998584 0.00143186 0.205827 </mean>
<covariance>   1.0424e-07  -2.7492e-09  -3.8402e-07
  -2.7492e-09   2.1424e-09   2.3284e-07
  -3.8402e-07   2.3284e-07   3.5715e-05
</covariance>
</state>
<state>
<time>9.6</time>
<index>106</index>
<mean>
 0.998579 0.00143707 0.205827 </mean>
<covariance>   1.0436e-07  -2.8531e-09  -3.8996e-07
  -2.8531e-09   2.2254e-09   2.3879e-07
  -3.8996e-07   2.3879e-07   3.5862e-05
</covariance>
</state>
<state>
<time>9.7</time>
<index>107</index>
<mean>
 0.998574 0.00144229 0.205827 </mean>
<covariance>   1.0449e-07  -2.9596e-09  -3.9597e-07
  -2.9596e-09   2.3110e-09   2.4479e-07
  -3.9597e-07   2.4479e-07   3.6008e-05
</covariance>
</state>
<state>
<time>9.8</time>
<index>108</index>
<mean>
 0.998569 0.00144754 0.205827 </mean>
<covariance>   1.0462e-07  -3.0689e-09  -4.0203e-07
  -3.0689e-09   2.3992e-09   2.5085e-07
  -4.0203e-07   2.5085e-07   3.6154e-05
</covariance>
</state>
<state>
<time>9.9</time>
<index>109</index>
<mean>
 0.998563 0.0014528 0.205827 </mean>
<covariance>   1.0476e-07  -3.1810e-09  -4.0816e-07
  -3.1810e-09   2.4900e-09   2.5698e-07
  -4.0816e-07   2.5698e-07   3.6300e-05
</covariance>
</state>
<state>
<time>10</time>
<index>110</index>
<mean>
 0.998558 0.00145809 0.205827 </mean>
<covariance>   1.0489e-07  -3.2960e-09  -4.1435e-07
  -3.2960e-09   2.5836e-09   2.6317e-07
  -4.1435e-07   2.6317e-07   3.6446e-05
</covariance>
</state>
<state>
<time>10</time>
<index>111</index>
<measurement> 0.00145617</measurement>
<loglik>8.40912</loglik>
<mean>
 0.998559 0.00145746 0.205763 </mean>
<covariance>   1.0352e-07  -2.2179e-09  -3.0453e-07
  -2.2179e-09   1.7385e-09   1.7709e-07
  -3.0453e-07   1.7709e-07   2.7678e-05
</covariance>
</state>
<state>
<time>10.1</time>
<index>112</index>
<mean>
 0.998553 0.00146275 0.205763 </mean>
<covariance>   1.0362e-07  -2.3000e-09  -3.0919e-07
  -2.3000e-09   1.8033e-09   1.8175e-07
  -3.0919e-07   1.8175e-07   2.7824e-05
</covariance>
</state>
<state>
<time>10.2</time>
<index>113</index>
<mean>
 0.998548 0.00146806 0.205763 </mean>
<covariance>   1.0372e-07  -2.3842e-09  -3.1391e-07
  -2.3842e-09   1.8702e-09   1.8647e-07
  -3.1391e-07   1.8647e-07   2.7970e-05
</covariance>
</state>
<state>
<time>10.3</time>
<index>114</index>
<mean>
 0.998543 0.00147339 0.205763 </mean>
<covariance>   1.0382e-07  -2.4706e-09  -3.1867e-07
  -2.4706e-09   1.9391e-09   1.9123e-07
  -3.1867e-07   1.9123e-07   2.8117e-05
</covariance>
</state>
<state>
<time>10.4</time>
<index>115</index>
<mean>
 0.998537 0.00147874 0.205763 </mean>
<covariance>   1.0393e-07  -2.5592e-09  -3.2349e-07
  -2.5592e-09   2.0101e-09   1.9605e-07
  -3.2349e-07   1.9605e-07   2.8263e-05
</covariance>
</state>
<state>
<time>10.5</time>
<index>116</index>
<mean>
 0.998532 0.00148411 0.205763 </mean>
<covariance>   1.0404e-07  -2.6502e-09  -3.2837e-07
  -2.6502e-09   2.0833e-09   2.0093e-07
  -3.2837e-07   2.0093e-07   2.8409e-05
</covariance>
</state>
<state>
<time>10.6</time>
<index>117</index>
<mean>
 0.998527 0.0014895 0.205763 </mean>
<covariance>   1.0415e-07  -2.7434e-09  -3.3330e-07
  -2.7434e-09   2.1587e-09   2.0586e-07
  -3.3330e-07   2.0586e-07   2.8555e-05
</covariance>
</state>
<state>
<time>10.7</time>
<index>118</index>
<mean>
 0.998521 0.0014949 0.205763 </mean>
<covariance>   1.0426e-07  -2.8390e-09  -3.3828e-07
  -2.8390e-09   2.2363e-09   2.1084e-07
  -3.3828e-07   2.1084e-07   2.8701e-05
</covariance>
</state>
<state>
<time>10.8</time>
<index>119</index>
<mean>
 0.998516 0.00150033 0.205763 </mean>
<covariance>   1.0438e-07  -2.9370e-09  -3.4332e-07
  -2.9370e-09   2.3162e-09   2.1588e-07
  -3.4332e-07   2.1588e-07   2.8847e-05
</covariance>
</state>
<state>
<time>10.9</time>
<index>120</index>
<mean>
 0.99851 0.00150577 0.205763 </mean>
<covariance>   1.0450e-07  -3.0374e-09  -3.4842e-07
  -3.0374e-09   2.3985e-09   2.2098e-07
  -3.4842e-07   2.2098e-07   2.8994e-05
</covariance>
</state>
<state>
<time>11</time>
<index>121</index>
<mean>
 0.998505 0.00151124 0.205763 </mean>
<covariance>   1.0462e-07  -3.1403e-09  -3.5357e-07
  -3.1403e-09   2.4830e-09   2.2613e-07
  -3.5357e-07   2.2613e-07   2.9140e-05
</covariance>
</state>
<state>
<time>11</time>
<index>122</index>
<measurement> 0.00142432</measurement>
<loglik>7.92999</loglik>
<mean>
 0.998538 0.00148489 0.203364 </mean>
<covariance>   1.0341e-07  -2.1885e-09  -2.6689e-07
  -2.1885e-09   1.7305e-09   1.5759e-07
  -2.6689e-07   1.5759e-07   2.2898e-05
</covariance>
</state>
<state>
<time>11.1</time>
<index>123</index>
<mean>
 0.998533 0.00148993 0.203364 </mean>
<covariance>   1.0350e-07  -2.2623e-09  -2.7081e-07
  -2.2623e-09   1.7895e-09   1.6151e-07
  -2.7081e-07   1.6151e-07   2.3045e-05
</covariance>
</state>
<state>
<time>11.2</time>
<index>124</index>
<mean>
 0.998528 0.00149498 0.203364 </mean>
<covariance>   1.0359e-07  -2.3378e-09  -2.7478e-07
  -2.3378e-09   1.8502e-09   1.6548e-07
  -2.7478e-07   1.6548e-07   2.3191e-05
</covariance>
</state>
<state>
<time>11.3</time>
<index>125</index>
<mean>
 0.998523 0.00150005 0.203364 </mean>
<covariance>   1.0368e-07  -2.4152e-09  -2.7879e-07
  -2.4152e-09   1.9128e-09   1.6950e-07
  -2.7879e-07   1.6950e-07   2.3337e-05
</covariance>
</state>
<state>
<time>11.4</time>
<index>126</index>
<mean>
 0.998518 0.00150513 0.203364 </mean>
<covariance>   1.0378e-07  -2.4945e-09  -2.8286e-07
  -2.4945e-09   1.9771e-09   1.7356e-07
  -2.8286e-07   1.7356e-07   2.3483e-05
</covariance>
</state>
<state>
<time>11.5</time>
<index>127</index>
<mean>
 0.998513 0.00151024 0.203364 </mean>
<covariance>   1.0388e-07  -2.5757e-09  -2.8696e-07
  -2.5757e-09   2.0432e-09   1.7767e-07
  -2.8696e-07   1.7767e-07   2.3629e-05
</covariance>
</state>
<state>
<time>11.6</time>
<index>128</index>
<mean>
 0.998508 0.00151536 0.203364 </mean>
<covariance>   1.0397e-07  -2.6589e-09  -2.9112e-07
  -2.6589e-09   2.1112e-09   1.8182e-07
  -2.9112e-07   1.8182e-07   2.3776e-05
</covariance>
</state>
<state>
<time>11.7</time>
<index>129</index>
<mean>
 0.998503 0.00152049 0.203364 </mean>
<covariance>   1.0407e-07  -2.7441e-09  -2.9533e-07
  -2.7441e-09   2.1812e-09   1.8603e-07
  -2.9533e-07   1.8603e-07   2.3922e-05
</covariance>
</state>
<state>
<time>11.8</time>
<index>130</index>
<mean>
 0.998498 0.00152565 0.203364 </mean>
<covariance>   1.0418e-07  -2.8314e-09  -2.9958e-07
  -2.8314e-09   2.2530e-09   1.9028e-07
  -2.9958e-07   1.9028e-07   2.4068e-05
</covariance>
</state>
<state>
<time>11.9</time>
<index>131</index>
<mean>
 0.998492 0.00153082 0.203364 </mean>
<covariance>   1.0428e-07  -2.9207e-09  -3.0388e-07
  -2.9207e-09   2.3269e-09   1.9458e-07
  -3.0388e-07   1.9458e-07   2.4214e-05
</covariance>
</state>
<state>
<time>12</time>
<index>132</index>
<mean>
 0.998487 0.00153601 0.203364 </mean>
<covariance>   1.0439e-07  -3.0121e-09  -3.0823e-07
  -3.0121e-09   2.4027e-09   1.9893e-07
  -3.0823e-07   1.9893e-07   2.4360e-05
</covariance>
</state>
<state>
<time>12</time>
<index>133</index>
<measurement> 0.00150778</measurement>
<loglik>8.33651</loglik>
<mean>
 0.998497 0.00152784 0.202687 </mean>
<covariance>   1.0330e-07  -2.1403e-09  -2.3605e-07
  -2.1403e-09   1.7073e-09   1.4135e-07
  -2.3605e-07   1.4135e-07   1.9593e-05
</covariance>
</state>
<state>
<time>12.1</time>
<index>134</index>
<mean>
 0.998492 0.00153291 0.202687 </mean>
<covariance>   1.0338e-07  -2.2080e-09  -2.3950e-07
  -2.2080e-09   1.7622e-09   1.4480e-07
  -2.3950e-07   1.4480e-07   1.9739e-05
</covariance>
</state>
<state>
<time>12.2</time>
<index>135</index>
<mean>
 0.998487 0.001538 0.202687 </mean>
<covariance>   1.0346e-07  -2.2773e-09  -2.4299e-07
  -2.2773e-09   1.8187e-09   1.4830e-07
  -2.4299e-07   1.4830e-07   1.9885e-05
</covariance>
</state>
<state>
<time>12.3</time>
<index>136</index>
<mean>
 0.998482 0.00154311 0.202687 </mean>
<covariance>   1.0354e-07  -2.3484e-09  -2.4653e-07
  -2.3484e-09   1.8769e-09   1.5184e-07
  -2.4653e-07   1.5184e-07   2.0031e-05
</covariance>
</state>
<state>
<time>12.4</time>
<index>137</index>
<mean>
 0.998477 0.00154824 0.202687 </mean>
<covariance>   1.0363e-07  -2.4211e-09  -2.5012e-07
  -2.4211e-09   1.9366e-09   1.5542e-07
  -2.5012e-07   1.5542e-07   2.0178e-05
</covariance>
</state>
<state>
<time>12.5</time>
<index>138</index>
<mean>
 0.998472 0.00155338 0.202687 </mean>
<covariance>   1.0372e-07  -2.4956e-09  -2.5374e-07
  -2.4956e-09   1.9981e-09   1.5905e-07
  -2.5374e-07   1.5905e-07   2.0324e-05
</covariance>
</state>
<state>
<time>12.6</time>
<index>139</index>
<mean>
 0.998467 0.00155854 0.202687 </mean>
<covariance>   1.0381e-07  -2.5719e-09  -2.5742e-07
  -2.5719e-09   2.0612e-09   1.6272e-07
  -2.5742e-07   1.6272e-07   2.0470e-05
</covariance>
</state>
<state>
<time>12.7</time>
<index>140</index>
<mean>
 0.998462 0.00156372 0.202687 </mean>
<covariance>   1.0390e-07  -2.6500e-09  -2.6113e-07
  -2.6500e-09   2.1260e-09   1.6644e-07
  -2.6113e-07   1.6644e-07   2.0616e-05
</covariance>
</state>
<state>
<time>12.8</time>
<index>141</index>
<mean>
 0.998456 0.00156891 0.202687 </mean>
<covariance>   1.0399e-07  -2.7299e-09  -2.6490e-07
  -2.7299e-09   2.1927e-09   1.7020e-07
  -2.6490e-07   1.7020e-07   2.0762e-05
</covariance>
</state>
<state>
<time>12.9</time>
<index>142</index>
<mean>
 0.998451 0.00157412 0.202687 </mean>
<covariance>   1.0408e-07  -2.8117e-09  -2.6871e-07
  -2.8117e-09   2.2611e-09   1.7401e-07
  -2.6871e-07   1.7401e-07   2.0909e-05
</covariance>
</state>
<state>
<time>13</time>
<index>143</index>
<mean>
 0.998446 0.00157935 0.202687 </mean>
<covariance>   1.0418e-07  -2.8955e-09  -2.7256e-07
  -2.8955e-09   2.3313e-09   1.7787e-07
  -2.7256e-07   1.7787e-07   2.1055e-05
</covariance>
</state>
<state>
<time>13</time>
<index>144</index>
<measurement> 0.00154762</measurement>
<loglik>8.30995</loglik>
<mean>
 0.998457 0.00157072 0.202029 </mean>
<covariance>   1.0320e-07  -2.1075e-09  -2.1245e-07
  -2.1075e-09   1.6969e-09   1.2947e-07
  -2.1245e-07   1.2947e-07   1.7362e-05
</covariance>
</state>
<state>
<time>13.1</time>
<index>145</index>
<mean>
 0.998452 0.00157583 0.202029 </mean>
<covariance>   1.0328e-07  -2.1708e-09  -2.1558e-07
  -2.1708e-09   1.7490e-09   1.3260e-07
  -2.1558e-07   1.3260e-07   1.7508e-05
</covariance>
</state>
<state>
<time>13.2</time>
<index>146</index>
<mean>
 0.998446 0.00158096 0.202029 </mean>
<covariance>   1.0335e-07  -2.2356e-09  -2.1876e-07
  -2.2356e-09   1.8026e-09   1.3578e-07
  -2.1876e-07   1.3578e-07   1.7654e-05
</covariance>
</state>
<state>
<time>13.3</time>
<index>147</index>
<mean>
 0.998441 0.00158611 0.202029 </mean>
<covariance>   1.0343e-07  -2.3019e-09  -2.2199e-07
  -2.3019e-09   1.8576e-09   1.3900e-07
  -2.2199e-07   1.3900e-07   1.7801e-05
</covariance>
</state>
<state>
<time>13.4</time>
<index>148</index>
<mean>
 0.998436 0.00159127 0.202029 </mean>
<covariance>   1.0351e-07  -2.3698e-09  -2.2525e-07
  -2.3698e-09   1.9142e-09   1.4227e-07
  -2.2525e-07   1.4227e-07   1.7947e-05
</covariance>
</state>
<state>
<time>13.5</time>
<index>149</index>
<mean>
 0.998431 0.00159645 0.202029 </mean>
<covariance>   1.0359e-07  -2.4394e-09  -2.2856e-07
  -2.4394e-09   1.9724e-09   1.4558e-07
  -2.2856e-07   1.4558e-07   1.8093e-05
</covariance>
</state>
<state>
<time>13.6</time>
<index>150</index>
<mean>
 0.998426 0.00160164 0.202029 </mean>
<covariance>   1.0367e-07  -2.5106e-09  -2.3191e-07
  -2.5106e-09   2.0321e-09   1.4893e-07
  -2.3191e-07   1.4893e-07   1.8239e-05
</covariance>
</state>
<state>
<time>13.7</time>
<index>151</index>
<mean>
 0.998421 0.00160686 0.202029 </mean>
<covariance>   1.0376e-07  -2.5835e-09  -2.3530e-07
  -2.5835e-09   2.0934e-09   1.5232e-07
  -2.3530e-07   1.5232e-07   1.8385e-05
</covariance>
</state>
<state>
<time>13.8</time>
<index>152</index>
<mean>
 0.998415 0.00161209 0.202029 </mean>
<covariance>   1.0385e-07  -2.6581e-09  -2.3874e-07
  -2.6581e-09   2.1564e-09   1.5576e-07
  -2.3874e-07   1.5576e-07   1.8532e-05
</covariance>
</state>
<state>
<time>13.9</time>
<index>153</index>
<mean>
 0.99841 0.00161733 0.202029 </mean>
<covariance>   1.0393e-07  -2.7344e-09  -2.4222e-07
  -2.7344e-09   2.2211e-09   1.5924e-07
  -2.4222e-07   1.5924e-07   1.8678e-05
</covariance>
</state>
<state>
<time>14</time>
<index>154</index>
<mean>
 0.998405 0.0016226 0.202029 </mean>
<covariance>   1.0402e-07  -2.8126e-09  -2.4575e-07
  -2.8126e-09   2.2874e-09   1.6277e-07
  -2.4575e-07   1.6277e-07   1.8824e-05
</covariance>
</state>
<state>
<time>14</time>
<index>155</index>
<measurement> 0.00160421</measurement>
<loglik>8.33233</loglik>
<mean>
 0.998411 0.00161786 0.201691 </mean>
<covariance>   1.0313e-07  -2.0872e-09  -1.9413e-07
  -2.0872e-09   1.6975e-09   1.2079e-07
  -1.9413e-07   1.2079e-07   1.5837e-05
</covariance>
</state>
<state>
<time>14.1</time>
<index>156</index>
<mean>
 0.998405 0.00162307 0.201691 </mean>
<covariance>   1.0320e-07  -2.1474e-09  -1.9707e-07
  -2.1474e-09   1.7479e-09   1.2373e-07
  -1.9707e-07   1.2373e-07   1.5983e-05
</covariance>
</state>
<state>
<time>14.2</time>
<index>157</index>
<mean>
 0.9984 0.00162829 0.201691 </mean>
<covariance>   1.0327e-07  -2.2090e-09  -2.0006e-07
  -2.2090e-09   1.7997e-09   1.2671e-07
  -2.0006e-07   1.2671e-07   1.6129e-05
</covariance>
</state>
<state>
<time>14.3</time>
<index>158</index>
<mean>
 0.998395 0.00163354 0.201691 </mean>
<covariance>   1.0335e-07  -2.2722e-09  -2.0308e-07
  -2.2722e-09   1.8529e-09   1.2974e-07
  -2.0308e-07   1.2974e-07   1.6276e-05
</covariance>
</state>
<state>
<time>14.4</time>
<index>159</index>
<mean>
 0.99839 0.0016388 0.201691 </mean>
<covariance>   1.0342e-07  -2.3368e-09  -2.0615e-07
  -2.3368e-09   1.9076e-09   1.3280e-07
  -2.0615e-07   1.3280e-07   1.6422e-05
</covariance>
</state>
<state>
<time>14.5</time>
<index>160</index>
<mean>
