<?xml version="1.0"?>
<root>
<parameters> 0.142439 0.00517858 0.000656734 0.182668</parameters>
<dataPoints>500</dataPoints>
<states>
<state>
<time>0</time>
<index>0</index>
<mean>
 0.999 0.001 0 0.18 </mean>
<covariance>   1.0000e-07            0            0            0
            0   1.0000e-07            0            0
            0            0   1.0000e-07            0
            0            0            0   1.0000e-03
</covariance>
</state>
<state>
<time>0</time>
<index>1</index>
<measurement> 0.00106632</measurement>
<loglik>7.10631</loglik>
<mean>
 0.999 0.0010647 0 0.18 </mean>
<covariance>   1.0000e-07            0            0            0
            0   2.4390e-09            0            0
            0            0   1.0000e-07            0
            0            0            0   1.0000e-03
</covariance>
</state>
<state>
<time>0.1</time>
<index>2</index>
<mean>
 0.998981 0.00106897 1.51656e-05 0.182668 </mean>
<covariance>   1.0001e-07  -5.3419e-11   5.1134e-11  -1.0636e-07
  -5.3419e-11   2.4686e-09   3.4871e-11   1.0636e-07
   5.1134e-11   3.4871e-11   9.9897e-08            0
  -1.0636e-07   1.0636e-07            0   1.0000e-03
</covariance>
</state>
<state>
<time>0.2</time>
<index>3</index>
<mean>
 0.998961 0.00107325 3.0384e-05 0.182668 </mean>
<covariance>   1.0004e-07  -1.3126e-10   1.0061e-10  -2.1510e-07
  -1.3126e-10   2.5226e-09   7.0459e-11   2.1358e-07
   1.0061e-10   7.0459e-11   9.9795e-08   1.5150e-09
  -2.1510e-07   2.1358e-07   1.5150e-09   1.0001e-03
</covariance>
</state>
<state>
<time>0.3</time>
<index>4</index>
<mean>
 0.998942 0.00107755 4.56555e-05 0.182668 </mean>
<covariance>   1.0010e-07  -2.3397e-10   1.4791e-10  -3.2621e-07
  -2.3397e-10   2.6003e-09   1.0727e-10   3.2165e-07
   1.4791e-10   1.0727e-10   9.9694e-08   4.5565e-09
  -3.2621e-07   3.2165e-07   4.5565e-09   1.0001e-03
</covariance>
</state>
<state>
<time>0.4</time>
<index>5</index>
<mean>
 0.998922 0.00108186 6.09804e-05 0.182668 </mean>
<covariance>   1.0019e-07  -3.6261e-10   1.9249e-10  -4.3973e-07
  -3.6261e-10   2.7023e-09   1.4582e-10   4.3059e-07
   1.9249e-10   1.4582e-10   9.9595e-08   9.1357e-09
  -4.3973e-07   4.3059e-07   9.1357e-09   1.0002e-03
</covariance>
</state>
<state>
<time>0.5</time>
<index>6</index>
<mean>
 0.998902 0.00108619 7.63587e-05 0.182668 </mean>
<covariance>   1.0031e-07  -5.1827e-10   2.3376e-10  -5.5566e-07
  -5.1827e-10   2.8291e-09   1.8662e-10   5.4039e-07
   2.3376e-10   1.8662e-10   9.9496e-08   1.5264e-08
  -5.5566e-07   5.4039e-07   1.5264e-08   1.0002e-03
</covariance>
</state>
<state>
<time>0.6</time>
<index>7</index>
<mean>
 0.998882 0.00109054 9.17908e-05 0.182668 </mean>
<covariance>   1.0046e-07  -7.0207e-10   2.7112e-10  -6.7402e-07
  -7.0207e-10   2.9813e-09   2.3023e-10   6.5107e-07
   2.7112e-10   2.3023e-10   9.9399e-08   2.2954e-08
  -6.7402e-07   6.5107e-07   2.2954e-08   1.0003e-03
</covariance>
</state>
<state>
<time>0.7</time>
<index>8</index>
<mean>
 0.998863 0.0010949 0.000107277 0.182668 </mean>
<covariance>   1.0064e-07  -9.1515e-10   3.0394e-10  -7.9484e-07
  -9.1515e-10   3.1594e-09   2.7718e-10   7.6262e-07
   3.0394e-10   2.7718e-10   9.9303e-08   3.2216e-08
  -7.9484e-07   7.6262e-07   3.2216e-08   1.0003e-03
</covariance>
</state>
<state>
<time>0.8</time>
<index>9</index>
<mean>
 0.998843 0.00109929 0.000122817 0.182668 </mean>
<covariance>   1.0086e-07  -1.1587e-09   3.3156e-10  -9.1812e-07
  -1.1587e-09   3.3642e-09   3.2804e-10   8.7506e-07
   3.3156e-10   3.2804e-10   9.9209e-08   4.3062e-08
  -9.1812e-07   8.7506e-07   4.3062e-08   1.0003e-03
</covariance>
</state>
<state>
<time>0.9</time>
<index>10</index>
<mean>
 0.998823 0.00110368 0.000138411 0.182668 </mean>
<covariance>   1.0112e-07  -1.4338e-09   3.5328e-10  -1.0439e-06
  -1.4338e-09   3.5961e-09   3.8340e-10   9.8838e-07
   3.5328e-10   3.8340e-10   9.9116e-08   5.5503e-08
  -1.0439e-06   9.8838e-07   5.5503e-08   1.0004e-03
</covariance>
</state>
<state>
<time>1</time>
<index>11</index>
<mean>
 0.998803 0.0011081 0.000154061 0.182668 </mean>
<covariance>   1.0142e-07  -1.7417e-09   3.6837e-10  -1.1721e-06
  -1.7417e-09   3.8558e-09   4.4383e-10   1.1026e-06
   3.6837e-10   4.4383e-10   9.9025e-08   6.9553e-08
  -1.1721e-06   1.1026e-06   6.9553e-08   1.0004e-03
</covariance>
</state>
<state>
<time>1</time>
<index>12</index>
<measurement> 0.00102731</measurement>
<loglik>8.00387</loglik>
<mean>
 0.998823 0.00106312 0.000148883 0.169806 </mean>
<covariance>   1.0098e-07  -7.7202e-10   4.8000e-10  -8.9485e-07
  -7.7202e-10   1.7091e-09   1.9673e-10   4.8872e-07
   4.8000e-10   1.9673e-10   9.8997e-08  -1.1081e-09
  -8.9485e-07   4.8872e-07  -1.1081e-09   8.2489e-04
</covariance>
</state>
<state>
<time>1.1</time>
<index>13</index>
<mean>
 0.998805 0.00106601 0.000163949 0.169806 </mean>
<covariance>   1.0120e-07  -9.5848e-10   5.1562e-10  -9.9072e-07
  -9.5848e-10   1.8317e-09   2.2220e-10   5.7763e-07
   5.1562e-10   2.2220e-10   9.8900e-08   5.8538e-09
  -9.9072e-07   5.7763e-07   5.8538e-09   8.2493e-04
</covariance>
</state>
<state>
<time>1.2</time>
<index>14</index>
<mean>
 0.998787 0.00106891 0.000179048 0.169806 </mean>
<covariance>   1.0146e-07  -1.1678e-09   5.4717e-10  -1.0883e-06
  -1.1678e-09   1.9743e-09   2.5036e-10   6.6701e-07
   5.4717e-10   2.5036e-10   9.8805e-08   1.4078e-08
  -1.0883e-06   6.6701e-07   1.4078e-08   8.2498e-04
</covariance>
</state>
<state>
<time>1.3</time>
<index>15</index>
<mean>
 0.998769 0.00107181 0.000194181 0.169806 </mean>
<covariance>   1.0174e-07  -1.4008e-09   5.7415e-10  -1.1877e-06
  -1.4008e-09   2.1372e-09   2.8163e-10   7.5688e-07
   5.7415e-10   2.8163e-10   9.8710e-08   2.3572e-08
  -1.1877e-06   7.5688e-07   2.3572e-08   8.2502e-04
</covariance>
</state>
<state>
<time>1.4</time>
<index>16</index>
<mean>
 0.998751 0.00107472 0.000209347 0.169806 </mean>
<covariance>   1.0205e-07  -1.6581e-09   5.9601e-10  -1.2888e-06
  -1.6581e-09   2.3207e-09   3.1646e-10   8.4723e-07
   5.9601e-10   3.1646e-10   9.8616e-08   3.4341e-08
  -1.2888e-06   8.4723e-07   3.4341e-08   8.2506e-04
</covariance>
</state>
<state>
<time>1.5</time>
<index>17</index>
<mean>
 0.998733 0.00107764 0.000224547 0.169806 </mean>
<covariance>   1.0239e-07  -1.9406e-09   6.1222e-10  -1.3917e-06
  -1.9406e-09   2.5252e-09   3.5529e-10   9.3807e-07
   6.1222e-10   3.5529e-10   9.8523e-08   4.6391e-08
  -1.3917e-06   9.3807e-07   4.6391e-08   8.2511e-04
</covariance>
</state>
<state>
<time>1.6</time>
<index>18</index>
<mean>
 0.998715 0.00108056 0.00023978 0.169806 </mean>
<covariance>   1.0277e-07  -2.2490e-09   6.2219e-10  -1.4964e-06
  -2.2490e-09   2.7509e-09   3.9858e-10   1.0294e-06
   6.2219e-10   3.9858e-10   9.8432e-08   5.9728e-08
  -1.4964e-06   1.0294e-06   5.9728e-08   8.2515e-04
</covariance>
</state>
<state>
<time>1.7</time>
<index>19</index>
<mean>
 0.998696 0.0010835 0.000255048 0.169806 </mean>
<covariance>   1.0318e-07  -2.5841e-09   6.2532e-10  -1.6028e-06
  -2.5841e-09   2.9981e-09   4.4678e-10   1.1212e-06
   6.2532e-10   4.4678e-10   9.8342e-08   7.4360e-08
  -1.6028e-06   1.1212e-06   7.4360e-08   8.2519e-04
</covariance>
</state>
<state>
<time>1.8</time>
<index>20</index>
<mean>
 0.998678 0.00108644 0.000270349 0.169806 </mean>
<covariance>   1.0362e-07  -2.9467e-09   6.2102e-10  -1.7110e-06
  -2.9467e-09   3.2673e-09   5.0036e-10   1.2135e-06
   6.2102e-10   5.0036e-10   9.8253e-08   9.0292e-08
  -1.7110e-06   1.2135e-06   9.0292e-08   8.2524e-04
</covariance>
</state>
<state>
<time>1.9</time>
<index>21</index>
<mean>
 0.99866 0.00108939 0.000285684 0.169806 </mean>
<covariance>   1.0411e-07  -3.3376e-09   6.0863e-10  -1.8211e-06
  -3.3376e-09   3.5587e-09   5.5980e-10   1.3063e-06
   6.0863e-10   5.5980e-10   9.8167e-08   1.0753e-07
  -1.8211e-06   1.3063e-06   1.0753e-07   8.2528e-04
</covariance>
</state>
<state>
<time>2</time>
<index>22</index>
<mean>
 0.998641 0.00109234 0.000301053 0.169806 </mean>
<covariance>   1.0463e-07  -3.7577e-09   5.8752e-10  -1.9329e-06
  -3.7577e-09   3.8727e-09   6.2559e-10   1.3996e-06
   5.8752e-10   6.2559e-10   9.8082e-08   1.2608e-07
  -1.9329e-06   1.3996e-06   1.2608e-07   8.2532e-04
</covariance>
</state>
<state>
<time>2</time>
<index>23</index>
<measurement> 0.000995557</measurement>
<loglik>7.79695</loglik>
<mean>
 0.998695 0.00103767 0.000292221 0.150047 </mean>
<covariance>   1.0257e-07  -1.6350e-09   9.3041e-10  -1.1658e-06
  -1.6350e-09   1.6851e-09   2.7220e-10   6.0899e-07
   9.3041e-10   2.7220e-10   9.8025e-08  -1.6332e-09
  -1.1658e-06   6.0899e-07  -1.6332e-09   5.3959e-04
</covariance>
</state>
<state>
<time>2.1</time>
<index>24</index>
<mean>
 0.998679 0.00103844 0.000306851 0.150047 </mean>
<covariance>   1.0287e-07  -1.8505e-09   9.5220e-10  -1.2308e-06
  -1.8505e-09   1.8196e-09   2.9703e-10   6.6535e-07
   9.5220e-10   2.9703e-10   9.7931e-08   7.0421e-09
  -1.2308e-06   6.6535e-07   7.0421e-09   5.3963e-04
</covariance>
</state>
<state>
<time>2.2</time>
<index>25</index>
<mean>
 0.998664 0.00103921 0.000321483 0.150047 </mean>
<covariance>   1.0318e-07  -2.0809e-09   9.6947e-10  -1.2967e-06
  -2.0809e-09   1.9662e-09   3.2476e-10   7.2178e-07
   9.6947e-10   3.2476e-10   9.7839e-08   1.6516e-08
  -1.2967e-06   7.2178e-07   1.6516e-08   5.3967e-04
</covariance>
</state>
<state>
<time>2.3</time>
<index>26</index>
<mean>
 0.998648 0.00103998 0.000336119 0.150047 </mean>
<covariance>   1.0352e-07  -2.3266e-09   9.8190e-10  -1.3635e-06
  -2.3266e-09   2.1248e-09   3.5565e-10   7.7831e-07
   9.8190e-10   3.5565e-10   9.7747e-08   2.6788e-08
  -1.3635e-06   7.7831e-07   2.6788e-08   5.3972e-04
</covariance>
</state>
<state>
<time>2.4</time>
<index>27</index>
<mean>
 0.998633 0.00104075 0.000350758 0.150047 </mean>
<covariance>   1.0388e-07  -2.5878e-09   9.8912e-10  -1.4312e-06
  -2.5878e-09   2.2954e-09   3.8997e-10   8.3491e-07
   9.8912e-10   3.8997e-10   9.7656e-08   3.7860e-08
  -1.4312e-06   8.3491e-07   3.7860e-08   5.3976e-04
</covariance>
</state>
<state>
<time>2.5</time>
<index>28</index>
<mean>
 0.998617 0.00104152 0.000365401 0.150047 </mean>
<covariance>   1.0426e-07  -2.8650e-09   9.9078e-10  -1.4998e-06
  -2.8650e-09   2.4783e-09   4.2796e-10   8.9161e-07
   9.9078e-10   4.2796e-10   9.7567e-08   4.9733e-08
  -1.4998e-06   8.9161e-07   4.9733e-08   5.3980e-04
</covariance>
</state>
<state>
<time>2.6</time>
<index>29</index>
<mean>
 0.998602 0.00104229 0.000380047 0.150047 </mean>
<covariance>   1.0467e-07  -3.1584e-09   9.8651e-10  -1.5692e-06
  -3.1584e-09   2.6733e-09   4.6988e-10   9.4839e-07
   9.8651e-10   4.6988e-10   9.7478e-08   6.2407e-08
  -1.5692e-06   9.4839e-07   6.2407e-08   5.3985e-04
</covariance>
</state>
<state>
<time>2.7</time>
<index>30</index>
<mean>
 0.998587 0.00104306 0.000394697 0.150047 </mean>
<covariance>   1.0510e-07  -3.4683e-09   9.7595e-10  -1.6396e-06
  -3.4683e-09   2.8805e-09   5.1601e-10   1.0053e-06
   9.7595e-10   5.1601e-10   9.7391e-08   7.5884e-08
  -1.6396e-06   1.0053e-06   7.5884e-08   5.3989e-04
</covariance>
</state>
<state>
<time>2.8</time>
<index>31</index>
<mean>
 0.998571 0.00104383 0.000409349 0.150047 </mean>
<covariance>   1.0555e-07  -3.7951e-09   9.5871e-10  -1.7108e-06
  -3.7951e-09   3.1001e-09   5.6659e-10   1.0622e-06
   9.5871e-10   5.6659e-10   9.7306e-08   9.0163e-08
  -1.7108e-06   1.0622e-06   9.0163e-08   5.3993e-04
</covariance>
</state>
<state>
<time>2.9</time>
<index>32</index>
<mean>
 0.998556 0.0010446 0.000424006 0.150047 </mean>
<covariance>   1.0603e-07  -4.1390e-09   9.3439e-10  -1.7829e-06
  -4.1390e-09   3.3320e-09   6.2189e-10   1.1192e-06
   9.3439e-10   6.2189e-10   9.7222e-08   1.0525e-07
  -1.7829e-06   1.1192e-06   1.0525e-07   5.3998e-04
</covariance>
</state>
<state>
<time>3</time>
<index>33</index>
<mean>
 0.99854 0.00104538 0.000438665 0.150047 </mean>
<covariance>   1.0653e-07  -4.5004e-09   9.0261e-10  -1.8559e-06
  -4.5004e-09   3.5764e-09   6.8217e-10   1.1764e-06
   9.0261e-10   6.8217e-10   9.7140e-08   1.2113e-07
  -1.8559e-06   1.1764e-06   1.2113e-07   5.4002e-04
</covariance>
</state>
<state>
<time>3</time>
<index>34</index>
<measurement> 0.00122201</measurement>
<loglik>6.04881</loglik>
<mean>
 0.998414 0.00114552 0.000457766 0.182985 </mean>
<covariance>   1.0332e-07  -1.9490e-09   1.3893e-09  -1.0167e-06
  -1.9490e-09   1.5488e-09   2.9543e-10   5.0946e-07
   1.3893e-09   2.9543e-10   9.7066e-08  -6.0739e-09
  -1.0167e-06   5.0946e-07  -6.0739e-09   3.2065e-04
</covariance>
</state>
<state>
<time>3.1</time>
<index>35</index>
<mean>
 0.998394 0.00115013 0.000473846 0.182985 </mean>
<covariance>   1.0363e-07  -2.1630e-09   1.4051e-09  -1.0627e-06
  -2.1630e-09   1.6825e-09   3.1878e-10   5.4816e-07
   1.4051e-09   3.1878e-10   9.6974e-08   1.1859e-09
  -1.0627e-06   5.4816e-07   1.1859e-09   3.2070e-04
</covariance>
</state>
<state>
<time>3.2</time>
<index>36</index>
<mean>
 0.998373 0.00115476 0.000489983 0.182985 </mean>
<covariance>   1.0395e-07  -2.3907e-09   1.4164e-09  -1.1095e-06
  -2.3907e-09   1.8266e-09   3.4502e-10   5.8717e-07
   1.4164e-09   3.4502e-10   9.6883e-08   8.9933e-09
  -1.1095e-06   5.8717e-07   8.9933e-09   3.2074e-04
</covariance>
</state>
<state>
<time>3.3</time>
<index>37</index>
<mean>
 0.998352 0.0011594 0.000506177 0.182985 </mean>
<covariance>   1.0430e-07  -2.6328e-09   1.4230e-09  -1.1572e-06
  -2.6328e-09   1.9814e-09   3.7438e-10   6.2649e-07
   1.4230e-09   3.7438e-10   9.6793e-08   1.7352e-08
  -1.1572e-06   6.2649e-07   1.7352e-08   3.2078e-04
</covariance>
</state>
<state>
<time>3.4</time>
<index>38</index>
<mean>
 0.998331 0.00116407 0.00052243 0.182985 </mean>
<covariance>   1.0467e-07  -2.8896e-09   1.4244e-09  -1.2057e-06
  -2.8896e-09   2.1472e-09   4.0710e-10   6.6612e-07
   1.4244e-09   4.0710e-10   9.6704e-08   2.6267e-08
  -1.2057e-06   6.6612e-07   2.6267e-08   3.2083e-04
</covariance>
</state>
<state>
<time>3.5</time>
<index>39</index>
<mean>
 0.99831 0.00116876 0.00053874 0.182985 </mean>
<covariance>   1.0506e-07  -3.1617e-09   1.4204e-09  -1.2551e-06
  -3.1617e-09   2.3241e-09   4.4342e-10   7.0606e-07
   1.4204e-09   4.4342e-10   9.6616e-08   3.5741e-08
  -1.2551e-06   7.0606e-07   3.5741e-08   3.2087e-04
</covariance>
</state>
<state>
<time>3.6</time>
<index>40</index>
<mean>
 0.998289 0.00117346 0.000555109 0.182985 </mean>
<covariance>   1.0547e-07  -3.4495e-09   1.4106e-09  -1.3054e-06
  -3.4495e-09   2.5125e-09   4.8358e-10   7.4631e-07
   1.4106e-09   4.8358e-10   9.6529e-08   4.5780e-08
  -1.3054e-06   7.4631e-07   4.5780e-08   3.2091e-04
</covariance>
</state>
<state>
<time>3.7</time>
<index>41</index>
<mean>
 0.998268 0.00117818 0.000571536 0.182985 </mean>
<covariance>   1.0591e-07  -3.7536e-09   1.3945e-09  -1.3566e-06
  -3.7536e-09   2.7126e-09   5.2784e-10   7.8688e-07
   1.3945e-09   5.2784e-10   9.6443e-08   5.6387e-08
  -1.3566e-06   7.8688e-07   5.6387e-08   3.2096e-04
</covariance>
</state>
<state>
<time>3.8</time>
<index>42</index>
<mean>
 0.998247 0.00118292 0.000588022 0.182985 </mean>
<covariance>   1.0637e-07  -4.0744e-09   1.3720e-09  -1.4086e-06
  -4.0744e-09   2.9245e-09   5.7646e-10   8.2776e-07
   1.3720e-09   5.7646e-10   9.6359e-08   6.7565e-08
  -1.4086e-06   8.2776e-07   6.7565e-08   3.2100e-04
</covariance>
</state>
<state>
<time>3.9</time>
<index>43</index>
<mean>
 0.998225 0.00118768 0.000604567 0.182985 </mean>
<covariance>   1.0686e-07  -4.4125e-09   1.3424e-09  -1.4616e-06
  -4.4125e-09   3.1487e-09   6.2970e-10   8.6897e-07
   1.3424e-09   6.2970e-10   9.6276e-08   7.9321e-08
  -1.4616e-06   8.6897e-07   7.9321e-08   3.2104e-04
</covariance>
</state>
<state>
<time>4</time>
<index>44</index>
<mean>
 0.998204 0.00119245 0.000621171 0.182985 </mean>
<covariance>   1.0737e-07  -4.7683e-09   1.3055e-09  -1.5155e-06
  -4.7683e-09   3.3853e-09   6.8783e-10   9.1049e-07
   1.3055e-09   6.8783e-10   9.6195e-08   9.1657e-08
  -1.5155e-06   9.1049e-07   9.1657e-08   3.2109e-04
</covariance>
</state>
<state>
<time>4</time>
<index>45</index>
<measurement> 0.00106215</measurement>
<loglik>7.25072</loglik>
<mean>
 0.998294 0.00112889 0.000608256 0.16589 </mean>
<covariance>   1.0410e-07  -2.4424e-09   1.7781e-09  -8.8990e-07
  -2.4424e-09   1.7340e-09   3.5232e-10   4.6637e-07
   1.7781e-09   3.5232e-10   9.6127e-08   1.4199e-09
  -8.8990e-07   4.6637e-07   1.4199e-09   2.0164e-04
</covariance>
</state>
<state>
<time>4.1</time>
<index>46</index>
<mean>
 0.998275 0.00113151 0.000624021 0.16589 </mean>
<covariance>   1.0438e-07  -2.6311e-09   1.7849e-09  -9.2033e-07
  -2.6311e-09   1.8499e-09   3.7865e-10   4.9016e-07
   1.7849e-09   3.7865e-10   9.6037e-08   8.0621e-09
  -9.2033e-07   4.9016e-07   8.0621e-09   2.0168e-04
</covariance>
</state>
<state>
<time>4.2</time>
<index>47</index>
<mean>
 0.998257 0.00113413 0.000639815 0.16589 </mean>
<covariance>   1.0468e-07  -2.8286e-09   1.7878e-09  -9.5121e-07
  -2.8286e-09   1.9719e-09   4.0747e-10   5.1406e-07
   1.7878e-09   4.0747e-10   9.5949e-08   1.5040e-08
  -9.5121e-07   5.1406e-07   1.5040e-08   2.0172e-04
</covariance>
</state>
<state>
<time>4.3</time>
<index>48</index>
<mean>
 0.998238 0.00113676 0.000655638 0.16589 </mean>
<covariance>   1.0499e-07  -3.0352e-09   1.7865e-09  -9.8253e-07
  -3.0352e-09   2.1002e-09   4.3892e-10   5.3807e-07
   1.7865e-09   4.3892e-10   9.5862e-08   2.2354e-08
  -9.8253e-07   5.3807e-07   2.2354e-08   2.0177e-04
</covariance>
</state>
<state>
<time>4.4</time>
<index>49</index>
<mean>
 0.99822 0.00113939 0.00067149 0.16589 </mean>
<covariance>   1.0532e-07  -3.2511e-09   1.7807e-09  -1.0143e-06
  -3.2511e-09   2.2348e-09   4.7313e-10   5.6219e-07
   1.7807e-09   4.7313e-10   9.5776e-08   3.0007e-08
  -1.0143e-06   5.6219e-07   3.0007e-08   2.0181e-04
</covariance>
</state>
<state>
<time>4.5</time>
<index>50</index>
<mean>
 0.998201 0.00114203 0.000687372 0.16589 </mean>
<covariance>   1.0566e-07  -3.4766e-09   1.7704e-09  -1.0465e-06
  -3.4766e-09   2.3758e-09   5.1024e-10   5.8643e-07
   1.7704e-09   5.1024e-10   9.5690e-08   3.7999e-08
  -1.0465e-06   5.8643e-07   3.7999e-08   2.0185e-04
</covariance>
</state>
<state>
<time>4.6</time>
<index>51</index>
<mean>
 0.998183 0.00114467 0.000703283 0.16589 </mean>
<covariance>   1.0602e-07  -3.7118e-09   1.7552e-09  -1.0792e-06
  -3.7118e-09   2.5233e-09   5.5039e-10   6.1078e-07
   1.7552e-09   5.5039e-10   9.5606e-08   4.6332e-08
  -1.0792e-06   6.1078e-07   4.6332e-08   2.0190e-04
</covariance>
</state>
<state>
<time>4.7</time>
<index>52</index>
<mean>
 0.998164 0.00114732 0.000719223 0.16589 </mean>
<covariance>   1.0639e-07  -3.9569e-09   1.7348e-09  -1.1124e-06
  -3.9569e-09   2.6774e-09   5.9372e-10   6.3524e-07
   1.7348e-09   5.9372e-10   9.5523e-08   5.5008e-08
  -1.1124e-06   6.3524e-07   5.5008e-08   2.0194e-04
</covariance>
</state>
<state>
<time>4.8</time>
<index>53</index>
<mean>
 0.998146 0.00114998 0.000735193 0.16589 </mean>
<covariance>   1.0678e-07  -4.2122e-09   1.7092e-09  -1.1460e-06
  -4.2122e-09   2.8382e-09   6.4038e-10   6.5981e-07
   1.7092e-09   6.4038e-10   9.5442e-08   6.4028e-08
  -1.1460e-06   6.5981e-07   6.4028e-08   2.0198e-04
</covariance>
</state>
<state>
<time>4.9</time>
<index>54</index>
<mean>
 0.998127 0.00115264 0.000751193 0.16589 </mean>
<covariance>   1.0719e-07  -4.4780e-09   1.6780e-09  -1.1800e-06
  -4.4780e-09   3.0056e-09   6.9051e-10   6.8450e-07
   1.6780e-09   6.9051e-10   9.5362e-08   7.3393e-08
  -1.1800e-06   6.8450e-07   7.3393e-08   2.0202e-04
</covariance>
</state>
<state>
<time>5</time>
<index>55</index>
<mean>
 0.998108 0.00115531 0.000767222 0.16589 </mean>
<covariance>   1.0761e-07  -4.7544e-09   1.6410e-09  -1.2145e-06
  -4.7544e-09   3.1799e-09   7.4425e-10   7.0931e-07
   1.6410e-09   7.4425e-10   9.5283e-08   8.3105e-08
  -1.2145e-06   7.0931e-07   8.3105e-08   2.0207e-04
</covariance>
</state>
<state>
<time>5</time>
<index>56</index>
<measurement> 0.00120132</measurement>
<loglik>8.34305</loglik>
<mean>
 0.998075 0.00117776 0.000772477 0.170898 </mean>
<covariance>   1.0414e-07  -2.4344e-09   2.1840e-09  -6.9704e-07
  -2.4344e-09   1.6282e-09   3.8108e-10   3.6319e-07
   2.1840e-09   3.8108e-10   9.5198e-08   2.0985e-09
  -6.9704e-07   3.6319e-07   2.0985e-09   1.2486e-04
</covariance>
</state>
<state>
<time>5.1</time>
<index>57</index>
<mean>
 0.998055 0.00118107 0.000788853 0.170898 </mean>
<covariance>   1.0439e-07  -2.5940e-09   2.1896e-09  -7.1789e-07
  -2.5940e-09   1.7247e-09   4.0611e-10   3.7888e-07
   2.1896e-09   4.0611e-10   9.5111e-08   7.2707e-09
  -7.1789e-07   3.7888e-07   7.2707e-09   1.2491e-04
</covariance>
</state>
<state>
<time>5.2</time>
<index>58</index>
<mean>
 0.998035 0.00118439 0.000805267 0.170898 </mean>
<covariance>   1.0465e-07  -2.7603e-09   2.1919e-09  -7.3906e-07
  -2.7603e-09   1.8256e-09   4.3322e-10   3.9465e-07
   2.1919e-09   4.3322e-10   9.5024e-08   1.2664e-08
  -7.3906e-07   3.9465e-07   1.2664e-08   1.2495e-04
</covariance>
</state>
<state>
<time>5.3</time>
<index>59</index>
<mean>
 0.998015 0.00118772 0.000821721 0.170898 </mean>
<covariance>   1.0492e-07  -2.9336e-09   2.1906e-09  -7.6054e-07
  -2.9336e-09   1.9311e-09   4.6249e-10   4.1052e-07
   2.1906e-09   4.6249e-10   9.4939e-08   1.8278e-08
  -7.6054e-07   4.1052e-07   1.8278e-08   1.2499e-04
</covariance>
</state>
<state>
<time>5.4</time>
<index>60</index>
<mean>
 0.997996 0.00119106 0.000838213 0.170898 </mean>
<covariance>   1.0520e-07  -3.1140e-09   2.1856e-09  -7.8233e-07
  -3.1140e-09   2.0412e-09   4.9404e-10   4.2647e-07
   2.1856e-09   4.9404e-10   9.4854e-08   2.4116e-08
  -7.8233e-07   4.2647e-07   2.4116e-08   1.2504e-04
</covariance>
</state>
<state>
<time>5.5</time>
<index>61</index>
<mean>
 0.997976 0.00119441 0.000854744 0.170898 </mean>
<covariance>   1.0550e-07  -3.3016e-09   2.1766e-09  -8.0444e-07
  -3.3016e-09   2.1560e-09   5.2796e-10   4.4252e-07
   2.1766e-09   5.2796e-10   9.4770e-08   3.0179e-08
  -8.0444e-07   4.4252e-07   3.0179e-08   1.2508e-04
</covariance>
</state>
<state>
<time>5.6</time>
<index>62</index>
<mean>
 0.997956 0.00119777 0.000871315 0.170898 </mean>
<covariance>   1.0580e-07  -3.4968e-09   2.1636e-09  -8.2687e-07
  -3.4968e-09   2.2755e-09   5.6435e-10   4.5866e-07
   2.1636e-09   5.6435e-10   9.4688e-08   3.6466e-08
  -8.2687e-07   4.5866e-07   3.6466e-08   1.2512e-04
</covariance>
</state>
<state>
<time>5.7</time>
<index>63</index>
<mean>
 0.997936 0.00120114 0.000887925 0.170898 </mean>
<covariance>   1.0612e-07  -3.6995e-09   2.1464e-09  -8.4961e-07
  -3.6995e-09   2.3999e-09   6.0333e-10   4.7488e-07
   2.1464e-09   6.0333e-10   9.4606e-08   4.2980e-08
  -8.4961e-07   4.7488e-07   4.2980e-08   1.2517e-04
</covariance>
</state>
<state>
<time>5.8</time>
<index>64</index>
<mean>
 0.997916 0.00120451 0.000904574 0.170898 </mean>
<covariance>   1.0646e-07  -3.9101e-09   2.1247e-09  -8.7267e-07
  -3.9101e-09   2.5293e-09   6.4499e-10   4.9121e-07
   2.1247e-09   6.4499e-10   9.4526e-08   4.9722e-08
  -8.7267e-07   4.9121e-07   4.9722e-08   1.2521e-04
</covariance>
</state>
<state>
<time>5.9</time>
<index>65</index>
<mean>
 0.997896 0.0012079 0.000921262 0.170898 </mean>
<covariance>   1.0680e-07  -4.1286e-09   2.0983e-09  -8.9606e-07
  -4.1286e-09   2.6636e-09   6.8946e-10   5.0762e-07
   2.0983e-09   6.8946e-10   9.4447e-08   5.6693e-08
  -8.9606e-07   5.0762e-07   5.6693e-08   1.2525e-04
</covariance>
</state>
<state>
<time>6</time>
<index>66</index>
<mean>
 0.997876 0.00121129 0.00093799 0.170898 </mean>
<covariance>   1.0716e-07  -4.3553e-09   2.0672e-09  -9.1976e-07
  -4.3553e-09   2.8029e-09   7.3683e-10   5.2412e-07
   2.0672e-09   7.3683e-10   9.4369e-08   6.3894e-08
  -9.1976e-07   5.2412e-07   6.3894e-08   1.2530e-04
</covariance>
</state>
<state>
<time>6</time>
<index>67</index>
<measurement> 0.00132936</measurement>
<loglik>7.43194</loglik>
<mean>
 0.997796 0.00126243 0.000951434 0.180461 </mean>
<covariance>   1.0423e-07  -2.4688e-09   2.5631e-09  -5.6700e-07
  -2.4688e-09   1.5888e-09   4.1767e-10   2.9710e-07
   2.5631e-09   4.1767e-10   9.4285e-08   4.2144e-09
  -5.6700e-07   2.9710e-07   4.2144e-09   8.2844e-05
</covariance>
</state>
<state>
<time>6.1</time>
<index>68</index>
<mean>
 0.997774 0.00126718 0.000968923 0.180461 </mean>
<covariance>   1.0446e-07  -2.6151e-09   2.5664e-09  -5.8277e-07
  -2.6151e-09   1.6771e-09   4.4286e-10   3.0864e-07
   2.5664e-09   4.4286e-10   9.4200e-08   8.4441e-09
  -5.8277e-07   3.0864e-07   8.4441e-09   8.2887e-05
</covariance>
</state>
<state>
<time>6.2</time>
<index>69</index>
<mean>
 0.997752 0.00127195 0.000986471 0.180461 </mean>
<covariance>   1.0470e-07  -2.7675e-09   2.5665e-09  -5.9879e-07
  -2.7675e-09   1.7693e-09   4.6996e-10   3.2027e-07
   2.5665e-09   4.6996e-10   9.4115e-08   1.2836e-08
  -5.9879e-07   3.2027e-07   1.2836e-08   8.2930e-05
</covariance>
</state>
<state>
<time>6.3</time>
<index>70</index>
<mean>
 0.997729 0.00127674 0.00100408 0.180461 </mean>
<covariance>   1.0496e-07  -2.9260e-09   2.5633e-09  -6.1506e-07
  -2.9260e-09   1.8655e-09   4.9904e-10   3.3198e-07
   2.5633e-09   4.9904e-10   9.4032e-08   1.7391e-08
  -6.1506e-07   3.3198e-07   1.7391e-08   8.2973e-05
</covariance>
</state>
<state>
<time>6.4</time>
<index>71</index>
<mean>
 0.997707 0.00128154 0.00102174 0.180461 </mean>
<covariance>   1.0522e-07  -3.0909e-09   2.5566e-09  -6.3158e-07
  -3.0909e-09   1.9656e-09   5.3021e-10   3.4379e-07
   2.5566e-09   5.3021e-10   9.3949e-08   2.2111e-08
  -6.3158e-07   3.4379e-07   2.2111e-08   8.3017e-05
</covariance>
</state>
<state>
<time>6.5</time>
<index>72</index>
<mean>
 0.997684 0.00128636 0.00103947 0.180461 </mean>
<covariance>   1.0549e-07  -3.2623e-09   2.5463e-09  -6.4836e-07
  -3.2623e-09   2.0699e-09   5.6354e-10   3.5568e-07
   2.5463e-09   5.6354e-10   9.3867e-08   2.6996e-08
  -6.4836e-07   3.5568e-07   2.6996e-08   8.3060e-05
</covariance>
</state>
<state>
<time>6.6</time>
<index>73</index>
<mean>
 0.997662 0.00129119 0.00105725 0.180461 </mean>
<covariance>   1.0578e-07  -3.4403e-09   2.5323e-09  -6.6540e-07
  -3.4403e-09   2.1783e-09   5.9913e-10   3.6766e-07
   2.5323e-09   5.9913e-10   9.3786e-08   3.2049e-08
  -6.6540e-07   3.6766e-07   3.2049e-08   8.3103e-05
</covariance>
</state>
<state>
<time>6.7</time>
<index>74</index>
<mean>
 0.997639 0.00129605 0.0010751 0.180461 </mean>
<covariance>   1.0608e-07  -3.6253e-09   2.5143e-09  -6.8269e-07
  -3.6253e-09   2.2910e-09   6.3707e-10   3.7973e-07
   2.5143e-09   6.3707e-10   9.3707e-08   3.7269e-08
  -6.8269e-07   3.7973e-07   3.7269e-08   8.3146e-05
</covariance>
</state>
<state>
<time>6.8</time>
<index>75</index>
<mean>
 0.997616 0.00130092 0.001093 0.180461 </mean>
<covariance>   1.0639e-07  -3.8172e-09   2.4923e-09  -7.0024e-07
  -3.8172e-09   2.4081e-09   6.7747e-10   3.9190e-07
   2.4923e-09   6.7747e-10   9.3628e-08   4.2659e-08
  -7.0024e-07   3.9190e-07   4.2659e-08   8.3189e-05
</covariance>
</state>
<state>
<time>6.9</time>
<index>76</index>
<mean>
 0.997593 0.00130581 0.00111097 0.180461 </mean>
<covariance>   1.0671e-07  -4.0164e-09   2.4659e-09  -7.1805e-07
  -4.0164e-09   2.5295e-09   7.2041e-10   4.0415e-07
   2.4659e-09   7.2041e-10   9.3551e-08   4.8219e-08
  -7.1805e-07   4.0415e-07   4.8219e-08   8.3232e-05
</covariance>
</state>
<state>
<time>7</time>
<index>77</index>
<mean>
 0.99757 0.00131072 0.00112899 0.180461 </mean>
<covariance>   1.0704e-07  -4.2229e-09   2.4352e-09  -7.3613e-07
  -4.2229e-09   2.6555e-09   7.6599e-10   4.1649e-07
   2.4352e-09   7.6599e-10   9.3475e-08   5.3950e-08
  -7.3613e-07   4.1649e-07   5.3950e-08   8.3275e-05
</covariance>
</state>
<state>
<time>7</time>
<index>78</index>
<measurement> 0.00137607</measurement>
<loglik>8.16611</loglik>
<mean>
 0.997531 0.00133569 0.00113619 0.184377 </mean>
<covariance>   1.0447e-07  -2.6095e-09   2.9006e-09  -4.8308e-07
  -2.6095e-09   1.6409e-09   4.7334e-10   2.5737e-07
   2.9006e-09   4.7334e-10   9.3391e-08   8.0497e-09
  -4.8308e-07   2.5737e-07   8.0497e-09   5.8318e-05
</covariance>
</state>
<state>
<time>7.1</time>
<index>79</index>
<mean>
 0.997507 0.00134123 0.00115463 0.184377 </mean>
<covariance>   1.0470e-07  -2.7482e-09   2.8995e-09  -4.9556e-07
  -2.7482e-09   1.7244e-09   5.0015e-10   2.6619e-07
   2.8995e-09   5.0015e-10   9.3308e-08   1.1711e-08
  -4.9556e-07   2.6619e-07   1.1711e-08   5.8361e-05
</covariance>
</state>
<state>
<time>7.2</time>
<index>80</index>
<mean>
 0.997482 0.00134679 0.00117314 0.184377 </mean>
<covariance>   1.0493e-07  -2.8923e-09   2.8954e-09  -5.0825e-07
  -2.8923e-09   1.8111e-09   5.2878e-10   2.7509e-07
   2.8954e-09   5.2878e-10   9.3226e-08   1.5497e-08
  -5.0825e-07   2.7509e-07   1.5497e-08   5.8404e-05
</covariance>
</state>
<state>
<time>7.3</time>
<index>81</index>
<mean>
 0.997458 0.00135238 0.00119171 0.184377 </mean>
<covariance>   1.0518e-07  -3.0419e-09   2.8880e-09  -5.2113e-07
  -3.0419e-09   1.9013e-09   5.5928e-10   2.8407e-07
   2.8880e-09   5.5928e-10   9.3145e-08   1.9407e-08
  -5.2113e-07   2.8407e-07   1.9407e-08   5.8447e-05
</covariance>
</state>
<state>
<time>7.4</time>
<index>82</index>
<mean>
 0.997434 0.00135798 0.00121036 0.184377 </mean>
<covariance>   1.0543e-07  -3.1972e-09   2.8774e-09  -5.3422e-07
  -3.1972e-09   1.9950e-09   5.9173e-10   2.9312e-07
   2.8774e-09   5.9173e-10   9.3065e-08   2.3444e-08
  -5.3422e-07   2.9312e-07   2.3444e-08   5.8490e-05
</covariance>
</state>
<state>
<time>7.5</time>
<index>83</index>
<mean>
 0.99741 0.00136362 0.00122907 0.184377 </mean>
<covariance>   1.0569e-07  -3.3583e-09   2.8634e-09  -5.4751e-07
  -3.3583e-09   2.0922e-09   6.2622e-10   3.0224e-07
   2.8634e-09   6.2622e-10   9.2986e-08   2.7607e-08
  -5.4751e-07   3.0224e-07   2.7607e-08   5.8533e-05
</covariance>
</state>
<state>
<time>7.6</time>
<index>84</index>
<mean>
 0.997385 0.00136927 0.00124786 0.184377 </mean>
<covariance>   1.0597e-07  -3.5254e-09   2.8457e-09  -5.6100e-07
  -3.5254e-09   2.1930e-09   6.6283e-10   3.1144e-07
   2.8457e-09   6.6283e-10   9.2908e-08   3.1897e-08
  -5.6100e-07   3.1144e-07   3.1897e-08   5.8577e-05
</covariance>
</state>
<state>
<time>7.7</time>
<index>85</index>
<mean>
 0.997361 0.00137495 0.00126672 0.184377 </mean>
<covariance>   1.0625e-07  -3.6985e-09   2.8243e-09  -5.7470e-07
  -3.6985e-09   2.2976e-09   7.0163e-10   3.2072e-07
   2.8243e-09   7.0163e-10   9.2831e-08   3.6317e-08
  -5.7470e-07   3.2072e-07   3.6317e-08   5.8620e-05
</covariance>
</state>
<state>
<time>7.8</time>
<index>86</index>
<mean>
 0.997336 0.00138065 0.00128565 0.184377 </mean>
<covariance>   1.0655e-07  -3.8780e-09   2.7991e-09  -5.8860e-07
  -3.8780e-09   2.4059e-09   7.4271e-10   3.3007e-07
   2.7991e-09   7.4271e-10   9.2755e-08   4.0867e-08
  -5.8860e-07   3.3007e-07   4.0867e-08   5.8663e-05
</covariance>
</state>
<state>
<time>7.9</time>
<index>87</index>
<mean>
 0.997311 0.00138637 0.00130465 0.184377 </mean>
<covariance>   1.0685e-07  -4.0640e-09   2.7698e-09  -6.0271e-07
  -4.0640e-09   2.5181e-09   7.8615e-10   3.3950e-07
   2.7698e-09   7.8615e-10   9.2681e-08   4.5547e-08
  -6.0271e-07   3.3950e-07   4.5547e-08   5.8706e-05
</covariance>
</state>
<state>
<time>8</time>
<index>88</index>
<mean>
 0.997287 0.00139211 0.00132372 0.184377 </mean>
<covariance>   1.0717e-07  -4.2565e-09   2.7363e-09  -6.1703e-07
  -4.2565e-09   2.6342e-09   8.3205e-10   3.4901e-07
   2.7363e-09   8.3205e-10   9.2608e-08   5.0359e-08
  -6.1703e-07   3.4901e-07   5.0359e-08   5.8749e-05
</covariance>
</state>
<state>
<time>8</time>
<index>89</index>
<measurement> 0.0013991</measurement>
<loglik>8.43338</loglik>
<mean>
 0.997283 0.00139457 0.00132449 0.184703 </mean>
<covariance>   1.0475e-07  -2.7573e-09   3.2098e-09  -4.1840e-07
  -2.7573e-09   1.7064e-09   5.3900e-10   2.2609e-07
   3.2098e-09   5.3900e-10   9.2515e-08   1.1532e-08
  -4.1840e-07   2.2609e-07   1.1532e-08   4.2462e-05
</covariance>
</state>
<state>
<time>8.1</time>
<index>90</index>
<mean>
 0.997258 0.0014004 0.00134367 0.184703 </mean>
<covariance>   1.0497e-07  -2.8885e-09   3.2043e-09  -4.2846e-07
  -2.8885e-09   1.7845e-09   5.6751e-10   2.3293e-07
   3.2043e-09   5.6751e-10   9.2435e-08   1.4746e-08
  -4.2846e-07   2.3293e-07   1.4746e-08   4.2506e-05
</covariance>
</state>
<state>
<time>8.2</time>
<index>91</index>
<mean>
 0.997233 0.00140624 0.00136292 0.184703 </mean>
<covariance>   1.0519e-07  -3.0244e-09   3.1958e-09  -4.3866e-07
  -3.0244e-09   1.8655e-09   5.9771e-10   2.3983e-07
   3.1958e-09   5.9771e-10   9.2356e-08   1.8056e-08
  -4.3866e-07   2.3983e-07   1.8056e-08   4.2549e-05
</covariance>
</state>
<state>
<time>8.3</time>
<index>92</index>
<mean>
 0.997207 0.00141212 0.00138225 0.184703 </mean>
<covariance>   1.0543e-07  -3.1652e-09   3.1843e-09  -4.4903e-07
  -3.1652e-09   1.9493e-09   6.2967e-10   2.4678e-07
   3.1843e-09   6.2967e-10   9.2277e-08   2.1463e-08
  -4.4903e-07   2.4678e-07   2.1463e-08   4.2592e-05
</covariance>
</state>
<state>
<time>8.4</time>
<index>93</index>
<mean>
 0.997182 0.00141801 0.00140165 0.184703 </mean>
<covariance>   1.0567e-07  -3.3109e-09   3.1696e-09  -4.5955e-07
  -3.3109e-09   2.0361e-09   6.6345e-10   2.5380e-07
   3.1696e-09   6.6345e-10   9.2200e-08   2.4967e-08
  -4.5955e-07   2.5380e-07   2.4967e-08   4.2635e-05
</covariance>
</state>
<state>
<time>8.5</time>
<index>94</index>
<mean>
 0.997157 0.00142393 0.00142112 0.184703 </mean>
<covariance>   1.0592e-07  -3.4617e-09   3.1517e-09  -4.7022e-07
  -3.4617e-09   2.1258e-09   6.9912e-10   2.6087e-07
   3.1517e-09   6.9912e-10   9.2124e-08   2.8569e-08
  -4.7022e-07   2.6087e-07   2.8569e-08   4.2678e-05
</covariance>
</state>
<state>
<time>8.6</time>
<index>95</index>
<mean>
 0.997131 0.00142987 0.00144067 0.184703 </mean>
<covariance>   1.0618e-07  -3.6177e-09   3.1303e-09  -4.8106e-07
  -3.6177e-09   2.2187e-09   7.3674e-10   2.6801e-07
   3.1303e-09   7.3674e-10   9.2049e-08   3.2270e-08
  -4.8106e-07   2.6801e-07   3.2270e-08   4.2721e-05
</covariance>
</state>
<state>
<time>8.7</time>
<index>96</index>
<mean>
 0.997106 0.00143584 0.00146029 0.184703 </mean>
<covariance>   1.0646e-07  -3.7791e-09   3.1054e-09  -4.9206e-07
  -3.7791e-09   2.3147e-09   7.7640e-10   2.7521e-07
   3.1054e-09   7.7640e-10   9.1975e-08   3.6071e-08
  -4.9206e-07   2.7521e-07   3.6071e-08   4.2764e-05
</covariance>
</state>
<state>
<time>8.8</time>
<index>97</index>
<mean>
 0.99708 0.00144183 0.00147998 0.184703 </mean>
<covariance>   1.0674e-07  -3.9460e-09   3.0769e-09  -5.0322e-07
  -3.9460e-09   2.4138e-09   8.1814e-10   2.8247e-07
   3.0769e-09   8.1814e-10   9.1902e-08   3.9972e-08
  -5.0322e-07   2.8247e-07   3.9972e-08   4.2808e-05
</covariance>
</state>
<state>
<time>8.9</time>
<index>98</index>
<mean>
 0.997054 0.00144785 0.00149975 0.184703 </mean>
<covariance>   1.0703e-07  -4.1184e-09   3.0446e-09  -5.1454e-07
  -4.1184e-09   2.5162e-09   8.6206e-10   2.8978e-07
   3.0446e-09   8.6206e-10   9.1831e-08   4.3975e-08
  -5.1454e-07   2.8978e-07   4.3975e-08   4.2851e-05
</covariance>
</state>
<state>
<time>9</time>
<index>99</index>
<mean>
 0.997028 0.00145389 0.0015196 0.184703 </mean>
<covariance>   1.0733e-07  -4.2967e-09   3.0083e-09  -5.2603e-07
  -4.2967e-09   2.6220e-09   9.0822e-10   2.9717e-07
   3.0083e-09   9.0822e-10   9.1761e-08   4.8080e-08
  -5.2603e-07   2.9717e-07   4.8080e-08   4.2894e-05
</covariance>
</state>
<state>
<time>9</time>
<index>100</index>
<measurement> 0.0013113</measurement>
<loglik>7.12307</loglik>
<mean>
 0.997106 0.0014066 0.00150322 0.179344 </mean>
<covariance>   1.0499e-07  -2.8718e-09   3.5019e-09  -3.6454e-07
  -2.8718e-09   1.7525e-09   6.0703e-10   1.9862e-07
   3.5019e-09   6.0703e-10   9.1657e-08   1.3944e-08
  -3.6454e-07   1.9862e-07   1.3944e-08   3.1725e-05
</covariance>
</state>
<state>
<time>9.1</time>
<index>101</index>
<mean>
 0.997081 0.00141172 0.00152248 0.179344 </mean>
<covariance>   1.0520e-07  -2.9909e-09   3.4929e-09  -3.7252e-07
  -2.9909e-09   1.8216e-09   6.3642e-10   2.0378e-07
   3.4929e-09   6.3642e-10   9.1579e-08   1.6766e-08
  -3.7252e-07   2.0378e-07   1.6766e-08   3.1768e-05
</covariance>
</state>
<state>
<time>9.2</time>
<index>102</index>
<mean>
 0.997057 0.00141686 0.0015418 0.179344 </mean>
<covariance>   1.0541e-07  -3.1137e-09   3.4812e-09  -3.8062e-07
  -3.1137e-09   1.8930e-09   6.6730e-10   2.0899e-07
   3.4812e-09   6.6730e-10   9.1503e-08   1.9660e-08
  -3.8062e-07   2.0899e-07   1.9660e-08   3.1811e-05
</covariance>
</state>
<state>
<time>9.3</time>
<index>103</index>
<mean>
 0.997032 0.00142201 0.00156118 0.179344 </mean>
<covariance>   1.0563e-07  -3.2405e-09   3.4667e-09  -3.8883e-07
  -3.2405e-09   1.9665e-09   6.9972e-10   2.1423e-07
   3.4667e-09   6.9972e-10   9.1428e-08   2.2627e-08
  -3.8883e-07   2.1423e-07   2.2627e-08   3.1854e-05
</covariance>
</state>
<state>
<time>9.4</time>
<index>104</index>
<mean>
 0.997008 0.00142718 0.00158063 0.179344 </mean>
<covariance>   1.0586e-07  -3.3712e-09   3.4494e-09  -3.9715e-07
  -3.3712e-09   2.0423e-09   7.3374e-10   2.1952e-07
   3.4494e-09   7.3374e-10   9.1353e-08   2.5667e-08
  -3.9715e-07   2.1952e-07   2.5667e-08   3.1897e-05
</covariance>
</state>
<state>
<time>9.5</time>
<index>105</index>
<mean>
 0.996983 0.00143237 0.00160014 0.179344 </mean>
<covariance>   1.0609e-07  -3.5060e-09   3.4290e-09  -4.0560e-07
  -3.5060e-09   2.1203e-09   7.6941e-10   2.2484e-07
   3.4290e-09   7.6941e-10   9.1280e-08   2.8780e-08
  -4.0560e-07   2.2484e-07   2.8780e-08   3.1940e-05
</covariance>
</state>
<state>
<time>9.6</time>
<index>106</index>
<mean>
 0.996958 0.00143758 0.00161971 0.179344 </mean>
<covariance>   1.0633e-07  -3.6449e-09   3.4056e-09  -4.1415e-07
  -3.6449e-09   2.2007e-09   8.0677e-10   2.3021e-07
   3.4056e-09   8.0677e-10   9.1208e-08   3.1968e-08
  -4.1415e-07   2.3021e-07   3.1968e-08   3.1983e-05
</covariance>
</state>
<state>
<time>9.7</time>
<index>107</index>
<mean>
 0.996933 0.00144281 0.00163935 0.179344 </mean>
<covariance>   1.0658e-07  -3.7881e-09   3.3790e-09  -4.2282e-07
  -3.7881e-09   2.2834e-09   8.4588e-10   2.3562e-07
   3.3790e-09   8.4588e-10   9.1137e-08   3.5230e-08
  -4.2282e-07   2.3562e-07   3.5230e-08   3.2027e-05
</covariance>
</state>
<state>
<time>9.8</time>
<index>108</index>
<mean>
 0.996908 0.00144805 0.00165905 0.179344 </mean>
<covariance>   1.0684e-07  -3.9357e-09   3.3492e-09  -4.3161e-07
  -3.9357e-09   2.3685e-09   8.8679e-10   2.4107e-07
   3.3492e-09   8.8679e-10   9.1067e-08   3.8568e-08
  -4.3161e-07   2.4107e-07   3.8568e-08   3.2070e-05
</covariance>
</state>
<state>
<time>9.9</time>
<index>109</index>
<mean>
 0.996883 0.00145332 0.00167882 0.179344 </mean>
<covariance>   1.0711e-07  -4.0877e-09   3.3159e-09  -4.4052e-07
  -4.0877e-09   2.4561e-09   9.2956e-10   2.4657e-07
   3.3159e-09   9.2956e-10   9.0999e-08   4.1982e-08
  -4.4052e-07   2.4657e-07   4.1982e-08   3.2113e-05
</covariance>
</state>
<state>
<time>10</time>
<index>110</index>
<mean>
 0.996858 0.0014586 0.00169865 0.179344 </mean>
<covariance>   1.0738e-07  -4.2442e-09   3.2792e-09  -4.4955e-07
  -4.2442e-09   2.5461e-09   9.7424e-10   2.5210e-07
   3.2792e-09   9.7424e-10   9.0931e-08   4.5472e-08
  -4.4955e-07   2.5210e-07   4.5472e-08   3.2156e-05
</covariance>
</state>
<state>
<time>10</time>
<index>111</index>
<measurement> 0.00145617</measurement>
<loglik>8.41111</loglik>
<mean>
 0.99686 0.00145781 0.00169835 0.179266 </mean>
<covariance>   1.0509e-07  -2.8702e-09   3.8049e-09  -3.1351e-07
  -2.8702e-09   1.7219e-09   6.5884e-10   1.7049e-07
   3.8049e-09   6.5884e-10   9.0811e-08   1.4244e-08
  -3.1351e-07   1.7049e-07   1.4244e-08   2.4075e-05
</covariance>
</state>
<state>
<time>10.1</time>
<index>112</index>
<mean>
 0.996834 0.0014631 0.00171823 0.179266 </mean>
<covariance>   1.0528e-07  -2.9797e-09   3.7943e-09  -3.2004e-07
  -2.9797e-09   1.7845e-09   6.8803e-10   1.7460e-07
   3.7943e-09   6.8803e-10   9.0736e-08   1.6665e-08
  -3.2004e-07   1.7460e-07   1.6665e-08   2.4118e-05
</covariance>
</state>
<state>
<time>10.2</time>
<index>113</index>
<mean>
 0.996809 0.00146841 0.00173818 0.179266 </mean>
